0.959463 0.131145 0.711712 0.725243 0.158148 1.393307 0.722044 -0.390838 1.144503 
0.722044 -0.390838 1.144503 0.725243 -0.574121 1.033327 0.951238 -0.255846 0.585203 
0.722044 -0.390838 1.144503 0.951238 -0.255846 0.585203 0.959463 0.131145 0.711712 
-0.500221 -0.255846 -3.901682 -0.500221 -0.029646 -3.901682 -0.412018 0.147393 -3.901682 
-0.412018 0.147393 -3.901682 -0.054162 0.059190 -3.901682 -0.053882 -0.029646 -3.901683 
0.053661 -0.029646 -3.901683 0.053941 0.059190 -3.901682 0.411797 0.147393 -3.901682 
-0.500221 -0.255846 -3.901682 -0.412018 0.147393 -3.901682 -0.053882 -0.029646 -3.901683 
0.053661 -0.029646 -3.901683 0.411797 0.147393 -3.901682 0.500000 -0.029646 -3.901682 
-0.500221 -0.255846 -3.901682 -0.053882 -0.029646 -3.901683 0.053661 -0.029646 -3.901683 
0.500000 -0.255846 -3.901682 -0.000110 -0.504667 -3.901682 -0.500221 -0.255846 -3.901682 
0.053661 -0.029646 -3.901683 0.500000 -0.029646 -3.901682 0.500000 -0.255846 -3.901682 
0.053661 -0.029646 -3.901683 0.500000 -0.255846 -3.901682 -0.500221 -0.255846 -3.901682 
-0.332338 -0.192026 3.663290 -0.373490 -0.255846 3.084964 -0.300778 -0.506510 2.098543 
-0.300778 -0.506510 2.098543 -0.000110 -0.560283 3.084964 -0.000110 -0.255846 4.704487 
-0.300778 -0.506510 2.098543 -0.000110 -0.255846 4.704487 -0.332338 -0.192026 3.663290 
-0.732711 -0.574121 0.827450 -0.363505 -0.684787 0.228573 0.363284 -0.684787 0.228573 
0.363284 -0.684787 0.228573 0.732490 -0.574121 0.827450 0.338274 -0.553256 0.986135 
0.338274 -0.553256 0.986135 -0.338495 -0.553256 0.986135 -0.732711 -0.574121 0.827450 
0.363284 -0.684787 0.228573 0.338274 -0.553256 0.986135 -0.732711 -0.574121 0.827450 
0.732490 -0.574121 0.827450 0.363284 -0.684787 0.228573 0.459294 -0.616994 -2.580841 
0.459294 -0.616994 -2.580841 0.984051 -0.553256 0.175204 0.951238 -0.553256 0.585203 
0.951238 -0.553256 0.585203 0.725243 -0.574121 1.033327 0.732490 -0.574121 0.827450 
0.732490 -0.574121 0.827450 0.459294 -0.616994 -2.580841 0.951238 -0.553256 0.585203 
1.052103 0.025042 -1.309706 0.984051 -0.037285 0.175204 1.900100 0.016115 -0.770178 
1.900100 0.016115 -0.770178 2.952604 0.024914 -2.490329 1.899871 0.057147 -2.593726 
1.110012 0.078079 -2.573295 0.865140 0.078079 -2.580841 1.052103 0.025042 -1.309706 
1.900100 0.016115 -0.770178 1.899871 0.057147 -2.593726 1.110012 0.078079 -2.573295 
1.052103 0.025042 -1.309706 1.900100 0.016115 -0.770178 1.110012 0.078079 -2.573295 
-0.614523 -0.426174 -3.990697 -0.764854 -0.336436 -4.441686 -0.614523 -0.207308 -3.990697 
-0.314616 0.293528 2.073921 -0.270428 0.356367 1.346116 -0.347350 0.248890 0.045713 
-0.552571 0.204222 -1.280781 -0.694577 0.078079 -2.580841 -0.814337 0.098381 -1.131363 
-0.314616 0.293528 2.073921 -0.347350 0.248890 0.045713 -0.552571 0.204222 -1.280781 
-0.725464 0.158148 1.393307 -0.722265 0.095309 2.062454 -0.314616 0.293528 2.073921 
-0.814337 0.098381 -1.131363 -0.732711 0.149147 1.187430 -0.725464 0.158148 1.393307 
-0.314616 0.293528 2.073921 -0.552571 0.204222 -1.280781 -0.814337 0.098381 -1.131363 
-0.814337 0.098381 -1.131363 -0.725464 0.158148 1.393307 -0.314616 0.293528 2.073921 
0.984051 -0.130832 0.175204 1.110012 -0.081139 -2.573295 2.952604 -0.114148 -2.490329 
2.952604 -0.114148 -2.490329 1.900100 -0.053698 -0.770178 0.984051 -0.130832 0.175204 
-0.754776 1.315445 -4.209652 -0.500221 -0.029646 -3.901682 -0.500221 -0.255846 -3.901682 
-0.500221 -0.255846 -3.901682 -0.614523 -0.426174 -3.990697 -0.614523 -0.207308 -3.990697 
-0.614523 -0.170201 -3.990697 -0.754776 1.315445 -4.209652 -0.500221 -0.255846 -3.901682 
-0.500221 -0.255846 -3.901682 -0.614523 -0.207308 -3.990697 -0.614523 -0.170201 -3.990697 
-2.952825 -0.114148 -2.490329 -1.900321 -0.053698 -0.770178 -1.900321 0.016115 -0.770178 
-1.900321 0.016115 -0.770178 -2.952825 0.024914 -2.490329 -2.952825 -0.114148 -2.490329 
-0.933700 1.335432 -3.714693 -0.865361 0.078079 -2.580841 -0.694577 0.078079 -2.580841 
-0.694577 0.078079 -2.580841 -0.865048 1.335432 -3.714693 -0.933700 1.335432 -3.714693 
0.165673 0.481388 2.567523 0.156145 0.540034 2.054729 -0.000110 0.605139 2.049337 
-0.000110 0.605139 2.049337 -0.000110 0.527454 2.631609 0.165673 0.481388 2.567523 
0.614302 -0.426174 -3.990697 1.110012 -0.616993 -2.573295 0.984051 -0.553256 0.175204 
0.984051 -0.553256 0.175204 0.459294 -0.616994 -2.580841 0.614302 -0.426174 -3.990697 
0.614302 -0.170201 -3.990697 0.764633 -0.254917 -4.441686 0.764633 -0.336436 -4.441686 
0.764633 -0.336436 -4.441686 0.614302 -0.426174 -3.990697 0.614302 -0.170201 -3.990697 
0.316198 -0.553256 1.126504 0.338274 -0.553256 0.986135 0.732490 -0.574121 0.827450 
0.725243 -0.574121 1.033327 0.722044 -0.574121 1.126504 0.316198 -0.553256 1.126504 
0.732490 -0.574121 0.827450 0.725243 -0.574121 1.033327 0.316198 -0.553256 1.126504 
-0.951459 0.158148 0.891187 -0.725464 0.158148 1.393307 -0.732711 0.149147 1.187430 
0.725243 0.158148 1.393307 0.959463 0.131145 0.711712 0.754155 0.122240 0.571995 
0.984051 -0.130832 0.175204 0.984051 -0.037285 0.175204 0.959463 0.131145 0.711712 
0.951238 -0.255846 0.585203 0.951238 -0.553256 0.585203 0.984051 -0.553256 0.175204 
0.984051 -0.130832 0.175204 0.959463 0.131145 0.711712 0.951238 -0.255846 0.585203 
1.110012 -0.616993 -2.573295 1.110012 -0.081139 -2.573295 0.984051 -0.130832 0.175204 
0.951238 -0.255846 0.585203 0.984051 -0.553256 0.175204 1.110012 -0.616993 -2.573295 
0.984051 -0.130832 0.175204 0.951238 -0.255846 0.585203 1.110012 -0.616993 -2.573295 
-1.241002 -0.254917 -3.358703 -1.241002 -0.292006 -3.206968 -1.241002 -0.336436 -3.358703 
-1.241002 -0.336436 -3.358703 -0.963470 -0.207290 -3.115862 -1.241002 -0.254917 -3.358703 
0.552350 0.204222 -1.280781 0.411797 0.147393 -3.901682 0.053941 0.059190 -3.901682 
-1.900321 0.016115 -0.770178 -1.900321 -0.053698 -0.770178 -0.984272 -0.130832 0.175204 
-0.984272 -0.130832 0.175204 -0.984272 -0.037285 0.175204 -1.900321 0.016115 -0.770178 
-0.316419 -0.553256 1.126504 -0.338495 -0.553256 0.986135 -0.000110 -0.613539 1.126504 
-0.000110 -0.613539 1.126504 -0.300778 -0.506510 2.098543 -0.316419 -0.553256 1.126504 
-0.316419 -0.553256 1.126504 -0.316419 -0.390838 1.144503 -0.722265 -0.390838 1.144503 
-0.722265 -0.390838 1.144503 -0.722265 -0.574121 1.126504 -0.316419 -0.553256 1.126504 
0.429564 0.044176 1.790470 0.679355 0.044174 1.829003 0.392193 0.187051 2.062454 
0.392193 0.187051 2.062454 0.429564 -0.339703 1.241057 0.429564 0.044176 1.790470 
2.952604 -0.114148 -2.490329 2.952604 0.024914 -2.490329 1.900100 0.016115 -0.770178 
1.900100 0.016115 -0.770178 1.900100 -0.053698 -0.770178 2.952604 -0.114148 -2.490329 
-1.110233 -0.081139 -2.573295 -2.952825 -0.114148 -2.490329 -2.952825 0.024914 -2.490329 
-2.952825 0.024914 -2.490329 -1.900092 0.057147 -2.593726 -1.110233 0.078079 -2.573295 
-2.952825 0.024914 -2.490329 -1.110233 0.078079 -2.573295 -1.110233 -0.081139 -2.573295 
0.500000 -0.255846 -3.901682 0.614302 -0.426174 -3.990697 0.459294 -0.616994 -2.580841 
0.459294 -0.616994 -2.580841 -0.000110 -0.504667 -3.901682 0.500000 -0.255846 -3.901682 
0.132856 0.485223 1.383510 0.156145 0.540034 2.054729 0.270207 0.356367 1.346116 
0.270207 0.356367 1.346116 0.228072 0.347366 0.888661 0.132856 0.485223 1.383510 
0.984051 -0.037285 0.175204 1.052103 0.025042 -1.309706 0.754155 0.122240 0.571995 
-1.110233 -0.081139 -2.573295 -0.984272 -0.130832 0.175204 -1.900321 -0.053698 -0.770178 
-1.900321 -0.053698 -0.770178 -2.952825 -0.114148 -2.490329 -1.110233 -0.081139 -2.573295 
-0.300778 -0.506510 2.098543 -0.000110 -0.613539 1.126504 0.300557 -0.506510 2.098543 
0.300557 -0.506510 2.098543 -0.000110 -0.560283 3.084964 -0.300778 -0.506510 2.098543 
0.865140 0.078079 -2.580841 0.552350 0.204222 -1.280781 0.270207 0.356367 1.346116 
0.270207 0.356367 1.346116 0.314395 0.293528 2.073921 0.722044 0.095309 2.062454 
0.270207 0.356367 1.346116 0.722044 0.095309 2.062454 0.725243 0.158148 1.393307 
1.052103 0.025042 -1.309706 0.865140 0.078079 -2.580841 0.270207 0.356367 1.346116 
0.270207 0.356367 1.346116 0.725243 0.158148 1.393307 0.754155 0.122240 0.571995 
0.270207 0.356367 1.346116 0.754155 0.122240 0.571995 1.052103 0.025042 -1.309706 
-0.174466 0.074359 3.663290 -0.263047 0.273194 2.935636 -0.357428 0.159500 2.530583 
-0.357428 0.159500 2.530583 -0.373490 -0.255846 3.084964 -0.174466 0.074359 3.663290 
1.240781 -0.336436 -3.358703 0.764633 -0.336436 -4.441686 1.770687 -0.374577 -4.684526 
1.770687 -0.374577 -4.684526 1.240781 -0.292006 -3.206968 1.240781 -0.336436 -3.358703 
0.314395 0.293528 2.073921 0.392193 0.187051 2.062454 0.722044 0.095309 2.062454 
0.863379 1.433848 -3.719009 0.968040 1.442211 -3.528308 0.933479 1.335432 -3.714693 
0.933479 1.335432 -3.714693 0.831199 1.411644 -4.214468 0.863379 1.433848 -3.719009 
0.614302 -0.170201 -3.990697 1.110012 0.078079 -2.573295 0.963249 -0.207290 -3.115862 
1.240781 -0.336436 -3.358703 1.240781 -0.292006 -3.206968 1.240781 -0.254917 -3.358703 
1.240781 -0.254917 -3.358703 0.963249 -0.207290 -3.115862 1.240781 -0.336436 -3.358703 
0.831199 1.411644 -4.214468 0.833422 1.311261 -4.237124 0.754555 1.315445 -4.209652 
0.614302 -0.426174 -3.990697 0.764633 -0.336436 -4.441686 1.240781 -0.336436 -3.358703 
0.764633 -0.254917 -4.441686 1.770687 -0.374577 -4.684526 0.764633 -0.336436 -4.441686 
1.240781 -0.336436 -3.358703 0.963249 -0.207290 -3.115862 1.110012 -0.616993 -2.573295 
1.110012 -0.616993 -2.573295 0.614302 -0.426174 -3.990697 1.240781 -0.336436 -3.358703 
1.240781 -0.292006 -3.206968 1.770687 -0.374577 -4.684526 0.764633 -0.254917 -4.441686 
0.764633 -0.254917 -4.441686 1.240781 -0.254917 -3.358703 1.240781 -0.292006 -3.206968 
0.832648 1.313228 -4.210152 0.754555 1.315445 -4.209652 0.833422 1.311261 -4.237124 
0.863379 1.433848 -3.719009 0.831199 1.411644 -4.214468 0.754555 1.315445 -4.209652 
0.722044 -0.390838 1.144503 0.679355 0.044174 1.829003 0.429564 0.044176 1.790470 
0.429564 -0.339703 1.241057 0.392193 0.187051 2.062454 0.316198 -0.390838 1.144503 
0.722044 -0.390838 1.144503 0.429564 0.044176 1.790470 0.429564 -0.339703 1.241057 
0.722044 -0.390838 1.144503 0.429564 -0.339703 1.241057 0.316198 -0.390838 1.144503 
1.110012 -0.081139 -2.573295 1.110012 -0.616993 -2.573295 0.963249 -0.207290 -3.115862 
0.963249 -0.207290 -3.115862 1.110012 0.078079 -2.573295 1.110012 -0.081139 -2.573295 
-0.000110 -0.255846 4.704487 -0.000110 -0.560283 3.084964 0.300557 -0.506510 2.098543 
0.300557 -0.506510 2.098543 0.373269 -0.255846 3.084964 0.332117 -0.192026 3.663290 
0.300557 -0.506510 2.098543 0.332117 -0.192026 3.663290 -0.000110 -0.255846 4.704487 
-0.832868 1.313228 -4.210152 -0.614523 -0.170201 -3.990697 -0.865361 0.078079 -2.580841 
-0.865361 0.078079 -2.580841 -0.933700 1.335432 -3.714693 -0.832868 1.313228 -4.210152 
0.754555 1.315445 -4.209652 0.832648 1.313228 -4.210152 0.614302 -0.170201 -3.990697 
-0.156365 0.540034 2.054729 -0.165894 0.481388 2.567523 -0.000110 0.527454 2.631609 
-0.000110 0.527454 2.631609 -0.000110 0.605139 2.049337 -0.156365 0.540034 2.054729 
0.054146 0.069304 -2.574459 0.177816 0.204223 -1.263154 0.053941 0.059190 -3.901682 
0.933479 1.335432 -3.714693 0.968040 1.442211 -3.528308 0.900837 1.343796 -3.523992 
0.968040 1.442211 -3.528308 0.919703 1.426049 -3.510869 0.900837 1.343796 -3.523992 
-0.000110 -0.255846 4.704487 0.332117 -0.192026 3.663290 0.262826 0.273194 2.935636 
0.864827 1.335432 -3.714693 0.933479 1.335432 -3.714693 0.900837 1.343796 -3.523992 
0.865140 0.078079 -2.580841 1.110012 0.078079 -2.573295 0.614302 -0.170201 -3.990697 
0.831199 1.411644 -4.214468 0.832648 1.313228 -4.210152 0.833422 1.311261 -4.237124 
0.968040 1.442211 -3.528308 0.863379 1.433848 -3.719009 0.900837 1.343796 -3.523992 
-0.863599 1.433848 -3.719009 -0.901058 1.343796 -3.523992 -0.865048 1.335432 -3.714693 
-0.865048 1.335432 -3.714693 -0.754776 1.315445 -4.209652 -0.863599 1.433848 -3.719009 
0.933479 1.335432 -3.714693 0.832648 1.313228 -4.210152 0.831199 1.411644 -4.214468 
0.552350 0.204222 -1.280781 0.865140 0.078079 -2.580841 0.694356 0.078079 -2.580841 
0.694356 0.078079 -2.580841 0.500000 -0.029646 -3.901682 0.552350 0.204222 -1.280781 
0.262826 0.273194 2.935636 0.165673 0.481388 2.567523 -0.000110 0.527454 2.631609 
-0.000110 0.527454 2.631609 -0.000110 0.258467 3.084964 0.262826 0.273194 2.935636 
0.500000 -0.029646 -3.901682 0.411797 0.147393 -3.901682 0.552350 0.204222 -1.280781 
0.053941 0.059190 -3.901682 0.053661 -0.029646 -3.901683 0.054146 0.069304 -2.574459 
0.722044 0.095309 2.062454 0.392193 0.187051 2.062454 0.679355 0.044174 1.829003 
0.722044 -0.390838 1.144503 0.722044 0.095309 2.062454 0.679355 0.044174 1.829003 
-0.357428 0.159500 2.530583 -0.263047 0.273194 2.935636 -0.165894 0.481388 2.567523 
-0.165894 0.481388 2.567523 -0.156365 0.540034 2.054729 -0.270428 0.356367 1.346116 
-0.314616 0.293528 2.073921 -0.392414 0.187051 2.062454 -0.357428 0.159500 2.530583 
-0.165894 0.481388 2.567523 -0.270428 0.356367 1.346116 -0.314616 0.293528 2.073921 
-0.165894 0.481388 2.567523 -0.314616 0.293528 2.073921 -0.357428 0.159500 2.530583 
-0.984272 -0.553256 0.175204 -1.110233 -0.616993 -2.573295 -0.363505 -0.684787 0.228573 
-0.363505 -0.684787 0.228573 -0.732711 -0.574121 0.827450 -0.984272 -0.553256 0.175204 
0.316198 -0.553256 1.126504 0.300557 -0.506510 2.098543 -0.000110 -0.613539 1.126504 
-0.000110 -0.613539 1.126504 0.338274 -0.553256 0.986135 0.316198 -0.553256 1.126504 
0.984051 -0.037285 0.175204 0.754155 0.122240 0.571995 0.959463 0.131145 0.711712 
0.316198 -0.390838 1.144503 0.357207 0.159500 2.530583 0.373269 -0.255846 3.084964 
0.373269 -0.255846 3.084964 0.300557 -0.506510 2.098543 0.316198 -0.553256 1.126504 
0.373269 -0.255846 3.084964 0.316198 -0.553256 1.126504 0.316198 -0.390838 1.144503 
-0.000110 0.529158 1.372922 -0.000110 0.347366 0.825591 -0.228293 0.347366 0.888661 
-0.156365 0.540034 2.054729 -0.228293 0.347366 0.888661 -0.270428 0.356367 1.346116 
-0.000110 0.232961 -1.148575 -0.178037 0.204223 -1.263154 -0.552571 0.204222 -1.280781 
-0.722265 -0.390838 1.144503 -0.722265 0.095309 2.062454 -0.725464 0.158148 1.393307 
-0.725464 0.158148 1.393307 -0.725464 -0.255846 1.033327 -0.725464 -0.574121 1.033327 
-0.725464 -0.574121 1.033327 -0.722265 -0.574121 1.126504 -0.722265 -0.390838 1.144503 
-0.722265 -0.390838 1.144503 -0.725464 0.158148 1.393307 -0.725464 -0.574121 1.033327 
0.984051 -0.130832 0.175204 1.900100 -0.053698 -0.770178 1.900100 0.016115 -0.770178 
1.900100 0.016115 -0.770178 0.984051 -0.037285 0.175204 0.984051 -0.130832 0.175204 
-0.165894 0.481388 2.567523 -0.263047 0.273194 2.935636 -0.000110 0.258467 3.084964 
-0.000110 0.258467 3.084964 -0.000110 0.527454 2.631609 -0.165894 0.481388 2.567523 
0.357207 0.159500 2.530583 0.262826 0.273194 2.935636 0.332117 -0.192026 3.663290 
0.332117 -0.192026 3.663290 0.373269 -0.255846 3.084964 0.357207 0.159500 2.530583 
0.132856 0.485223 1.383510 0.228072 0.347366 0.888661 -0.000110 0.347366 0.825591 
-0.000110 0.347366 0.825591 -0.000110 0.529158 1.372922 0.132856 0.485223 1.383510 
1.110012 0.078079 -2.573295 1.899871 0.057147 -2.593726 2.952604 0.024914 -2.490329 
2.952604 0.024914 -2.490329 2.952604 -0.114148 -2.490329 1.110012 -0.081139 -2.573295 
2.952604 0.024914 -2.490329 1.110012 -0.081139 -2.573295 1.110012 0.078079 -2.573295 
-0.174466 0.074359 3.663290 -0.000110 -0.255846 4.704487 0.262826 0.273194 2.935636 
-0.000110 0.258467 3.084964 -0.263047 0.273194 2.935636 -0.174466 0.074359 3.663290 
0.262826 0.273194 2.935636 -0.000110 0.258467 3.084964 -0.174466 0.074359 3.663290 
-1.900092 0.057147 -2.593726 -2.952825 0.024914 -2.490329 -1.900321 0.016115 -0.770178 
-1.900321 0.016115 -0.770178 -0.984272 -0.037285 0.175204 -0.865361 0.078079 -2.580841 
-1.110233 0.078079 -2.573295 -1.900092 0.057147 -2.593726 -1.900321 0.016115 -0.770178 
-1.900321 0.016115 -0.770178 -0.865361 0.078079 -2.580841 -1.110233 0.078079 -2.573295 
-0.614523 -0.426174 -3.990697 -0.000110 -0.504667 -3.901682 0.459294 -0.616994 -2.580841 
0.459294 -0.616994 -2.580841 0.363284 -0.684787 0.228573 -0.363505 -0.684787 0.228573 
-0.363505 -0.684787 0.228573 -1.110233 -0.616993 -2.573295 -0.614523 -0.426174 -3.990697 
0.459294 -0.616994 -2.580841 -0.363505 -0.684787 0.228573 -0.614523 -0.426174 -3.990697 
0.754555 1.315445 -4.209652 0.864827 1.335432 -3.714693 0.900837 1.343796 -3.523992 
0.900837 1.343796 -3.523992 0.863379 1.433848 -3.719009 0.754555 1.315445 -4.209652 
0.722044 -0.390838 1.144503 0.722044 -0.574121 1.126504 0.725243 -0.574121 1.033327 
-0.951459 0.158148 0.891187 -0.959684 -0.255846 0.405729 -0.725464 -0.255846 1.033327 
-0.725464 -0.255846 1.033327 -0.725464 0.158148 1.393307 -0.951459 0.158148 0.891187 
-0.000110 0.605139 2.049337 0.156145 0.540034 2.054729 0.132856 0.485223 1.383510 
0.132856 0.485223 1.383510 -0.000110 0.529158 1.372922 -0.000110 0.605139 2.049337 
0.951238 -0.553256 0.585203 0.951238 -0.255846 0.585203 0.725243 -0.574121 1.033327 
0.316198 -0.553256 1.126504 0.722044 -0.574121 1.126504 0.722044 -0.390838 1.144503 
0.722044 -0.390838 1.144503 0.316198 -0.390838 1.144503 0.316198 -0.553256 1.126504 
-0.814337 0.098381 -1.131363 -0.984272 -0.037285 0.175204 -0.732711 0.149147 1.187430 
-0.156365 0.540034 2.054729 -0.000110 0.605139 2.049337 -0.000110 0.529158 1.372922 
-0.000110 0.529158 1.372922 -0.228293 0.347366 0.888661 -0.156365 0.540034 2.054729 
-1.110233 -0.081139 -2.573295 -1.110233 0.078079 -2.573295 -0.963470 -0.207290 -3.115862 
-0.963470 -0.207290 -3.115862 -0.614523 -0.426174 -3.990697 -1.110233 -0.616993 -2.573295 
-1.110233 -0.081139 -2.573295 -0.963470 -0.207290 -3.115862 -1.110233 -0.616993 -2.573295 
-0.951459 -0.553256 0.585203 -0.725464 -0.574121 1.033327 -0.725464 -0.255846 1.033327 
-0.694577 0.078079 -2.580841 -0.865361 0.078079 -2.580841 -0.814337 0.098381 -1.131363 
-0.000110 -0.613539 1.126504 -0.338495 -0.553256 0.986135 0.338274 -0.553256 0.986135 
-1.770908 -0.374577 -4.684526 -1.241002 -0.292006 -3.206968 -1.241002 -0.254917 -3.358703 
0.764633 -0.254917 -4.441686 0.614302 -0.170201 -3.990697 0.963249 -0.207290 -3.115862 
0.963249 -0.207290 -3.115862 1.240781 -0.254917 -3.358703 0.764633 -0.254917 -4.441686 
-0.332338 -0.192026 3.663290 -0.000110 -0.255846 4.704487 -0.174466 0.074359 3.663290 
0.054146 0.069304 -2.574459 0.053661 -0.029646 -3.901683 -0.053882 -0.029646 -3.901683 
-0.054367 0.069304 -2.574459 -0.178037 0.204223 -1.263154 -0.000110 0.232961 -1.148575 
0.054146 0.069304 -2.574459 -0.053882 -0.029646 -3.901683 -0.054367 0.069304 -2.574459 
0.552350 0.204222 -1.280781 0.053941 0.059190 -3.901682 0.177816 0.204223 -1.263154 
0.177816 0.204223 -1.263154 0.054146 0.069304 -2.574459 -0.054367 0.069304 -2.574459 
-0.000110 0.232961 -1.148575 -0.552571 0.204222 -1.280781 -0.347350 0.248890 0.045713 
0.177816 0.204223 -1.263154 -0.054367 0.069304 -2.574459 -0.000110 0.232961 -1.148575 
0.270207 0.356367 1.346116 0.552350 0.204222 -1.280781 0.177816 0.204223 -1.263154 
0.228072 0.347366 0.888661 0.270207 0.356367 1.346116 0.177816 0.204223 -1.263154 
0.177816 0.204223 -1.263154 -0.000110 0.232961 -1.148575 -0.347350 0.248890 0.045713 
-0.347350 0.248890 0.045713 -0.270428 0.356367 1.346116 -0.228293 0.347366 0.888661 
-0.000110 0.347366 0.825591 0.228072 0.347366 0.888661 0.177816 0.204223 -1.263154 
-0.347350 0.248890 0.045713 -0.228293 0.347366 0.888661 -0.000110 0.347366 0.825591 
0.177816 0.204223 -1.263154 -0.347350 0.248890 0.045713 -0.000110 0.347366 0.825591 
-0.614523 -0.426174 -3.990697 -0.500221 -0.255846 -3.901682 -0.000110 -0.504667 -3.901682 
0.392193 0.187051 2.062454 0.357207 0.159500 2.530583 0.316198 -0.390838 1.144503 
-0.392414 0.187051 2.062454 -0.316419 -0.390838 1.144503 -0.357428 0.159500 2.530583 
0.165673 0.481388 2.567523 0.262826 0.273194 2.935636 0.357207 0.159500 2.530583 
0.357207 0.159500 2.530583 0.392193 0.187051 2.062454 0.314395 0.293528 2.073921 
0.314395 0.293528 2.073921 0.270207 0.356367 1.346116 0.156145 0.540034 2.054729 
0.156145 0.540034 2.054729 0.165673 0.481388 2.567523 0.357207 0.159500 2.530583 
0.357207 0.159500 2.530583 0.314395 0.293528 2.073921 0.156145 0.540034 2.054729 
-0.951459 0.158148 0.891187 -0.732711 0.149147 1.187430 -0.984272 -0.037285 0.175204 
0.722044 0.095309 2.062454 0.722044 -0.390838 1.144503 0.725243 0.158148 1.393307 
-0.314616 0.293528 2.073921 -0.722265 0.095309 2.062454 -0.392414 0.187051 2.062454 
-1.241002 -0.336436 -3.358703 -0.764854 -0.336436 -4.441686 -0.614523 -0.426174 -3.990697 
-0.754776 1.315445 -4.209652 -0.833643 1.311261 -4.237124 -0.831420 1.411644 -4.214468 
-0.614523 -0.207308 -3.990697 -0.764854 -0.336436 -4.441686 -1.770908 -0.374577 -4.684526 
-1.770908 -0.374577 -4.684526 -0.764854 -0.254917 -4.441686 -0.614523 -0.207308 -3.990697 
-0.963470 -0.207290 -3.115862 -1.110233 0.078079 -2.573295 -0.614523 -0.170201 -3.990697 
-0.963470 -0.207290 -3.115862 -0.614523 -0.170201 -3.990697 -0.764854 -0.254917 -4.441686 
-0.764854 -0.254917 -4.441686 -1.770908 -0.374577 -4.684526 -1.241002 -0.254917 -3.358703 
-0.764854 -0.254917 -4.441686 -1.241002 -0.254917 -3.358703 -0.963470 -0.207290 -3.115862 
-0.732711 -0.574121 0.827450 -0.338495 -0.553256 0.986135 -0.316419 -0.553256 1.126504 
-0.316419 -0.553256 1.126504 -0.722265 -0.574121 1.126504 -0.725464 -0.574121 1.033327 
-0.725464 -0.574121 1.033327 -0.951459 -0.553256 0.585203 -0.732711 -0.574121 0.827450 
-0.732711 -0.574121 0.827450 -0.316419 -0.553256 1.126504 -0.725464 -0.574121 1.033327 
-0.963470 -0.207290 -3.115862 -1.241002 -0.336436 -3.358703 -0.614523 -0.426174 -3.990697 
-0.832868 1.313228 -4.210152 -0.831420 1.411644 -4.214468 -0.833643 1.311261 -4.237124 
-0.764854 -0.336436 -4.441686 -1.241002 -0.336436 -3.358703 -1.241002 -0.292006 -3.206968 
-1.241002 -0.292006 -3.206968 -1.770908 -0.374577 -4.684526 -0.764854 -0.336436 -4.441686 
-0.614523 -0.170201 -3.990697 -0.614523 -0.207308 -3.990697 -0.764854 -0.254917 -4.441686 
-0.968261 1.442211 -3.528308 -0.933700 1.335432 -3.714693 -0.901058 1.343796 -3.523992 
0.933479 1.335432 -3.714693 0.864827 1.335432 -3.714693 0.694356 0.078079 -2.580841 
0.694356 0.078079 -2.580841 0.865140 0.078079 -2.580841 0.933479 1.335432 -3.714693 
0.832648 1.313228 -4.210152 0.933479 1.335432 -3.714693 0.865140 0.078079 -2.580841 
0.865140 0.078079 -2.580841 0.614302 -0.170201 -3.990697 0.832648 1.313228 -4.210152 
-0.614523 -0.170201 -3.990697 -0.832868 1.313228 -4.210152 -0.754776 1.315445 -4.209652 
0.614302 -0.170201 -3.990697 0.614302 -0.426174 -3.990697 0.500000 -0.255846 -3.901682 
0.500000 -0.255846 -3.901682 0.500000 -0.029646 -3.901682 0.754555 1.315445 -4.209652 
0.614302 -0.170201 -3.990697 0.500000 -0.255846 -3.901682 0.754555 1.315445 -4.209652 
0.864827 1.335432 -3.714693 0.754555 1.315445 -4.209652 0.500000 -0.029646 -3.901682 
0.500000 -0.029646 -3.901682 0.694356 0.078079 -2.580841 0.864827 1.335432 -3.714693 
-0.933700 1.335432 -3.714693 -0.968261 1.442211 -3.528308 -0.863599 1.433848 -3.719009 
-0.863599 1.433848 -3.719009 -0.831420 1.411644 -4.214468 -0.933700 1.335432 -3.714693 
-0.865361 0.078079 -2.580841 -0.614523 -0.170201 -3.990697 -1.110233 0.078079 -2.573295 
-0.968261 1.442211 -3.528308 -0.919924 1.426049 -3.510869 -0.901058 1.343796 -3.523992 
-0.901058 1.343796 -3.523992 -0.863599 1.433848 -3.719009 -0.968261 1.442211 -3.528308 
-0.832868 1.313228 -4.210152 -0.833643 1.311261 -4.237124 -0.754776 1.315445 -4.209652 
-0.178037 0.204223 -1.263154 -0.054367 0.069304 -2.574459 -0.054162 0.059190 -3.901682 
-0.732711 -0.574121 0.827450 -0.951459 -0.553256 0.585203 -0.959684 -0.255846 0.405729 
-0.959684 -0.255846 0.405729 -0.984272 -0.553256 0.175204 -0.732711 -0.574121 0.827450 
-0.959684 -0.255846 0.405729 -0.951459 -0.553256 0.585203 -0.725464 -0.255846 1.033327 
-0.863599 1.433848 -3.719009 -0.754776 1.315445 -4.209652 -0.831420 1.411644 -4.214468 
-0.500221 -0.029646 -3.901682 -0.694577 0.078079 -2.580841 -0.552571 0.204222 -1.280781 
-0.552571 0.204222 -1.280781 -0.412018 0.147393 -3.901682 -0.500221 -0.029646 -3.901682 
-0.552571 0.204222 -1.280781 -0.178037 0.204223 -1.263154 -0.054162 0.059190 -3.901682 
-0.054162 0.059190 -3.901682 -0.412018 0.147393 -3.901682 -0.552571 0.204222 -1.280781 
-0.722265 0.095309 2.062454 -0.679576 0.044174 1.829003 -0.392414 0.187051 2.062454 
-0.429785 0.044176 1.790470 -0.679576 0.044174 1.829003 -0.722265 -0.390838 1.144503 
-0.316419 -0.390838 1.144503 -0.392414 0.187051 2.062454 -0.429785 -0.339703 1.241057 
-0.429785 -0.339703 1.241057 -0.429785 0.044176 1.790470 -0.722265 -0.390838 1.144503 
-0.722265 -0.390838 1.144503 -0.316419 -0.390838 1.144503 -0.429785 -0.339703 1.241057 
-0.722265 0.095309 2.062454 -0.722265 -0.390838 1.144503 -0.679576 0.044174 1.829003 
-0.054367 0.069304 -2.574459 -0.053882 -0.029646 -3.901683 -0.054162 0.059190 -3.901682 
-0.814337 0.098381 -1.131363 -0.865361 0.078079 -2.580841 -0.984272 -0.037285 0.175204 
-0.392414 0.187051 2.062454 -0.679576 0.044174 1.829003 -0.429785 0.044176 1.790470 
-0.429785 0.044176 1.790470 -0.429785 -0.339703 1.241057 -0.392414 0.187051 2.062454 
-0.373490 -0.255846 3.084964 -0.332338 -0.192026 3.663290 -0.174466 0.074359 3.663290 
-0.316419 -0.553256 1.126504 -0.300778 -0.506510 2.098543 -0.373490 -0.255846 3.084964 
-0.373490 -0.255846 3.084964 -0.357428 0.159500 2.530583 -0.316419 -0.390838 1.144503 
-0.373490 -0.255846 3.084964 -0.316419 -0.390838 1.144503 -0.316419 -0.553256 1.126504 
-1.110233 -0.081139 -2.573295 -1.110233 -0.616993 -2.573295 -0.984272 -0.553256 0.175204 
-0.959684 -0.255846 0.405729 -0.951459 0.158148 0.891187 -0.984272 -0.037285 0.175204 
-1.110233 -0.081139 -2.573295 -0.984272 -0.553256 0.175204 -0.959684 -0.255846 0.405729 
-0.959684 -0.255846 0.405729 -0.984272 -0.037285 0.175204 -0.984272 -0.130832 0.175204 
-0.959684 -0.255846 0.405729 -0.984272 -0.130832 0.175204 -1.110233 -0.081139 -2.573295 
-0.865048 1.335432 -3.714693 -0.901058 1.343796 -3.523992 -0.933700 1.335432 -3.714693 
-0.865048 1.335432 -3.714693 -0.694577 0.078079 -2.580841 -0.500221 -0.029646 -3.901682 
-0.500221 -0.029646 -3.901682 -0.754776 1.315445 -4.209652 -0.865048 1.335432 -3.714693 
-0.832868 1.313228 -4.210152 -0.933700 1.335432 -3.714693 -0.831420 1.411644 -4.214468 
