0.135085 0.647455 0.954652 0.061816 0.669082 0.780058 0.110312 0.710708 0.778919 
0.277271 0.714648 1.800140 0.164023 0.393214 3.245250 0.200815 0.332887 2.900671 
0.200815 0.332887 2.900671 0.254564 0.372473 2.483828 0.277271 0.714648 1.800140 
0.062530 0.746169 0.779576 0.277271 0.714648 1.800140 0.110312 0.710708 0.778919 
0.110312 0.710708 0.778919 0.277271 0.714648 1.800140 0.135085 0.647455 0.954652 
0.254564 0.372473 2.483828 0.135085 0.647455 0.954652 0.277271 0.714648 1.800140 
4.021730 0.071539 -1.944118 4.024364 0.056981 -2.739460 2.140881 0.059820 -2.692241 
1.051123 0.037414 -2.768267 0.996615 -0.054950 -3.705970 0.697375 0.084696 -2.425885 
4.021730 0.071539 -1.944118 2.140881 0.059820 -2.692241 1.051123 0.037414 -2.768267 
0.697375 0.084696 -2.425885 0.696216 0.211255 0.569437 1.224250 0.090905 -0.039439 
1.224250 0.090905 -0.039439 4.021730 0.071539 -1.944118 1.051123 0.037414 -2.768267 
1.051123 0.037414 -2.768267 0.697375 0.084696 -2.425885 1.224250 0.090905 -0.039439 
0.164023 0.393214 3.245250 0.090235 0.348745 3.262335 0.200815 0.332887 2.900671 
-0.005826 2.931734 -4.947152 -0.017144 1.245527 -3.377245 0.071878 1.086665 -3.303983 
0.071878 1.086665 -3.303983 0.074300 2.914629 -4.974484 -0.005826 2.931734 -4.947152 
0.207969 0.921605 1.959069 0.095051 0.955381 1.456514 0.107140 1.017724 1.940580 
0.111531 0.922273 2.527353 0.107140 1.017724 1.940580 -0.148841 1.004145 2.183763 
0.086567 0.687129 2.980231 0.111531 0.922273 2.527353 -0.115558 0.752922 2.909552 
0.397019 0.454217 -2.129055 0.008838 0.986764 -2.809338 0.326014 0.572208 -1.616392 
0.326014 0.572208 -1.616392 0.350931 0.611196 0.592771 0.397019 0.454217 -2.129055 
0.214410 0.730255 2.794155 0.086567 0.687129 2.980231 0.040134 0.404775 3.292667 
0.214410 0.730255 2.794155 0.111531 0.922273 2.527353 0.086567 0.687129 2.980231 
0.277271 0.714648 1.800140 0.207969 0.921605 1.959069 0.214410 0.730255 2.794155 
0.214410 0.730255 2.794155 0.164023 0.393214 3.245250 0.277271 0.714648 1.800140 
-0.139156 0.712384 0.778919 -0.091223 0.670109 0.780058 -0.164776 0.649467 0.954652 
-0.139156 0.712384 0.778919 -0.306048 0.718561 1.800154 -0.077527 0.757131 0.778833 
-0.164776 0.649467 0.954652 -0.306048 0.718561 1.800154 -0.139156 0.712384 0.778919 
-0.306048 0.718561 1.800154 -0.164776 0.649467 0.954652 -0.287934 0.376113 2.483838 
0.799162 0.051152 1.151631 1.089096 0.061842 0.682043 1.224250 0.090905 -0.039439 
1.224250 0.090905 -0.039439 0.696216 0.211255 0.569437 0.799162 0.051152 1.151631 
-0.234721 0.335810 2.900667 -0.123939 0.350183 3.262335 -0.197123 0.395638 3.245250 
-0.020401 0.760187 1.057322 -0.020809 0.699478 -1.615489 -0.369308 0.576875 -1.616392 
-0.369308 0.576875 -1.616392 -0.393700 0.616194 0.592771 -0.187063 0.695494 1.065894 
-0.369308 0.576875 -1.616392 -0.187063 0.695494 1.065894 -0.020401 0.760187 1.057322 
0.457251 -0.309935 -3.048532 0.407870 -0.493571 -2.862589 0.403844 -0.458947 -3.660664 
0.403844 -0.458947 -3.660664 0.545729 -0.196268 -4.894743 0.457251 -0.309935 -3.048532 
-0.146423 0.969108 1.593018 -0.262824 0.875563 2.384429 -0.148841 1.004145 2.183763 
0.111531 0.922273 2.527353 -0.148841 1.004145 2.183763 -0.115558 0.752922 2.909552 
-0.072405 0.405233 3.292898 -0.115558 0.752922 2.909552 -0.243839 0.538932 3.016214 
-0.262824 0.875563 2.384429 -0.243839 0.538932 3.016214 -0.115558 0.752922 2.909552 
-0.115558 0.752922 2.909552 -0.148841 1.004145 2.183763 -0.262824 0.875563 2.384429 
-4.251786 0.168492 -1.217853 -4.267045 0.064513 -1.231706 -4.197791 0.133525 -1.047979 
-4.197791 0.133525 -1.047979 -4.132080 0.066540 -1.052162 -4.107807 0.179435 -1.217852 
-4.107807 0.179435 -1.217852 -4.251786 0.168492 -1.217853 -4.197791 0.133525 -1.047979 
-1.044720 -0.009281 -4.458808 -1.024791 -0.078472 -4.458808 -2.356667 -0.071153 -5.025844 
-2.356667 -0.071153 -5.025844 -2.356193 -0.000479 -5.025844 -1.044720 -0.009281 -4.458808 
-4.166588 0.000166 -1.217852 -4.187887 0.009410 -2.772440 -4.081751 0.088280 -2.772440 
-4.081751 0.088280 -2.772440 -4.132080 0.066540 -1.052162 -4.166588 0.000166 -1.217852 
-4.081751 0.088280 -2.772440 -4.107807 0.179435 -1.217852 -4.132080 0.066540 -1.052162 
-4.267045 0.064513 -1.231706 -4.266903 0.115401 -2.772440 -4.187887 0.009410 -2.772440 
-4.187887 0.009410 -2.772440 -4.166588 0.000166 -1.217852 -4.267045 0.064513 -1.231706 
-4.266903 0.115401 -2.772440 -4.267045 0.064513 -1.231706 -4.251786 0.168492 -1.217853 
-4.251786 0.168492 -1.217853 -4.160765 0.194562 -2.772440 -4.266903 0.115401 -2.772440 
-4.160765 0.194562 -2.772440 -4.251786 0.168492 -1.217853 -4.107807 0.179435 -1.217852 
-4.107807 0.179435 -1.217852 -4.081751 0.088280 -2.772440 -4.160765 0.194562 -2.772440 
-4.160765 0.194562 -2.772440 -4.003973 0.263036 -2.772440 -4.010315 0.269490 -3.039224 
-4.010315 0.269490 -3.039224 -4.100622 0.164178 -3.039224 -4.160765 0.194562 -2.772440 
-4.100622 0.164178 -3.039224 -4.010315 0.269490 -3.039224 -4.003973 0.263036 -2.772440 
-4.003973 0.263036 -2.772440 -4.081751 0.088280 -2.772440 -4.100622 0.164178 -3.039224 
-4.247796 0.039900 -3.039224 -4.361219 -0.086104 -3.039224 -4.365638 -0.081608 -2.772440 
-4.365638 -0.081608 -2.772440 -4.266903 0.115401 -2.772440 -4.247796 0.039900 -3.039224 
-4.187887 0.009410 -2.772440 -4.365638 -0.081608 -2.772440 -4.361219 -0.086104 -3.039224 
-4.361219 -0.086104 -3.039224 -4.247796 0.039900 -3.039224 -4.187887 0.009410 -2.772440 
-4.365638 -0.081608 -2.772440 -4.187887 0.009410 -2.772440 -4.266903 0.115401 -2.772440 
-0.014600 1.624575 -5.252615 -0.005788 2.937468 -5.571842 -0.005788 2.937468 -5.240352 
-3.990744 -0.089338 -2.772440 -4.081751 0.088280 -2.772440 -4.187887 0.009410 -2.772440 
-4.003973 0.263036 -2.772440 -4.160765 0.194562 -2.772440 -4.081751 0.088280 -2.772440 
3.937937 0.216802 -2.772440 4.112560 0.139037 -2.772440 4.172703 0.108654 -3.039223 
4.172703 0.108654 -3.039223 3.931483 0.210458 -3.039224 3.937937 0.216802 -2.772440 
-4.335388 0.272327 -2.772440 -4.266903 0.115401 -2.772440 -4.160765 0.194562 -2.772440 
4.093281 0.007545 -1.047979 4.104717 0.085352 -1.047979 3.997190 0.038711 -1.217852 
4.200808 0.054186 -1.217852 4.091261 0.148257 -1.217852 4.104717 0.085352 -1.047979 
4.106737 -0.055360 -1.217853 4.200808 0.054186 -1.217852 4.093281 0.007545 -1.047979 
3.997190 0.038711 -1.217852 4.106737 -0.055360 -1.217853 4.093281 0.007545 -1.047979 
4.104717 0.085352 -1.047979 4.093281 0.007545 -1.047979 4.200808 0.054186 -1.217852 
4.091261 0.148257 -1.217852 3.997190 0.038711 -1.217852 4.104717 0.085352 -1.047979 
4.106737 -0.055360 -1.217853 4.085438 -0.046116 -2.772440 4.191575 0.032754 -2.772440 
4.191575 0.032754 -2.772440 4.200808 0.054186 -1.217852 4.106737 -0.055360 -1.217853 
3.997190 0.038711 -1.217852 4.006421 0.059875 -2.772440 4.085438 -0.046116 -2.772440 
4.085438 -0.046116 -2.772440 4.106737 -0.055360 -1.217853 3.997190 0.038711 -1.217852 
4.091261 0.148257 -1.217852 4.112560 0.139037 -2.772440 4.006421 0.059875 -2.772440 
4.006421 0.059875 -2.772440 3.997190 0.038711 -1.217852 4.091261 0.148257 -1.217852 
4.200808 0.054186 -1.217852 4.191575 0.032754 -2.772440 4.112560 0.139037 -2.772440 
4.112560 0.139037 -2.772440 4.091261 0.148257 -1.217852 4.200808 0.054186 -1.217852 
4.112560 0.139037 -2.772440 4.269352 0.207510 -2.772440 4.263010 0.213965 -3.039224 
4.263010 0.213965 -3.039224 4.172703 0.108654 -3.039223 4.112560 0.139037 -2.772440 
4.172703 0.108654 -3.039223 4.263010 0.213965 -3.039224 4.269352 0.207510 -2.772440 
4.269352 0.207510 -2.772440 4.191575 0.032754 -2.772440 4.172703 0.108654 -3.039223 
4.025528 -0.015625 -3.039223 3.912106 -0.141630 -3.039223 3.907687 -0.137133 -2.772440 
3.907687 -0.137133 -2.772440 4.006421 0.059875 -2.772440 4.025528 -0.015625 -3.039223 
4.085438 -0.046116 -2.772440 3.907687 -0.137133 -2.772440 3.912106 -0.141630 -3.039223 
3.912106 -0.141630 -3.039223 4.025528 -0.015625 -3.039223 4.085438 -0.046116 -2.772440 
3.907687 -0.137133 -2.772440 4.085438 -0.046116 -2.772440 4.006421 0.059875 -2.772440 
-3.990744 -0.089338 -2.772440 -4.187887 0.009410 -2.772440 -4.247796 0.039900 -3.039224 
-4.247796 0.039900 -3.039224 -3.986248 -0.084918 -3.039223 -3.990744 -0.089338 -2.772440 
-3.986248 -0.084918 -3.039223 -4.100622 0.164178 -3.039224 -4.081751 0.088280 -2.772440 
-4.081751 0.088280 -2.772440 -3.990744 -0.089338 -2.772440 -3.986248 -0.084918 -3.039223 
4.282581 -0.144863 -2.772440 4.191575 0.032754 -2.772440 4.085438 -0.046116 -2.772440 
4.269352 0.207510 -2.772440 4.112560 0.139037 -2.772440 4.191575 0.032754 -2.772440 
-4.341842 0.265985 -3.039224 -4.247796 0.039900 -3.039224 -4.266903 0.115401 -2.772440 
-4.266903 0.115401 -2.772440 -4.335388 0.272327 -2.772440 -4.341842 0.265985 -3.039224 
3.937937 0.216802 -2.772440 4.006421 0.059875 -2.772440 4.112560 0.139037 -2.772440 
0.379174 -0.638348 1.754125 -0.016381 -0.712837 1.703748 -0.016819 -0.778105 1.703748 
0.583863 -0.191318 1.750073 0.421165 -0.168631 1.750066 0.268475 -0.228481 1.750066 
0.268475 -0.228481 1.750066 0.130351 -0.254112 1.753527 0.092560 -0.305377 1.751813 
0.268475 -0.228481 1.750066 0.092560 -0.305377 1.751813 0.432276 -0.228391 1.750065 
0.379174 -0.638348 1.754125 -0.016819 -0.778105 1.703748 0.360277 -0.718964 1.756851 
0.565314 -0.334436 1.750049 0.379174 -0.638348 1.754125 0.360277 -0.718964 1.756851 
0.583863 -0.191318 1.750073 0.268475 -0.228481 1.750066 0.432276 -0.228391 1.750065 
0.565314 -0.334436 1.750049 0.360277 -0.718964 1.756851 0.618620 -0.430188 1.750069 
0.583863 -0.191318 1.750073 0.432276 -0.228391 1.750065 0.565314 -0.334436 1.750049 
0.565314 -0.334436 1.750049 0.618620 -0.430188 1.750069 0.583863 -0.191318 1.750073 
0.092560 -0.305377 1.751813 0.130351 -0.254112 1.753527 -0.013315 -0.256058 1.703748 
-0.013315 -0.256058 1.703748 -0.013591 -0.297199 1.703748 0.092560 -0.305377 1.751813 
0.008838 0.986764 -2.809338 -0.102925 0.980571 -2.942973 -0.369308 0.576875 -1.616392 
-0.369308 0.576875 -1.616392 -0.020809 0.699478 -1.615489 0.008838 0.986764 -2.809338 
-0.621904 0.050124 -4.783556 -0.665722 0.204464 -4.357631 -0.477231 0.366849 -4.380958 
-0.477231 0.366849 -4.380958 -0.221946 0.428527 -4.748905 -0.621904 0.050124 -4.783556 
0.284297 -0.176521 -0.090575 0.374000 -0.301618 -0.090916 0.531371 -0.352019 0.852844 
-0.284646 -0.565896 -0.095773 -0.405389 -0.706004 0.769864 -0.653867 -0.307336 0.819029 
-0.653867 -0.307336 0.819029 -0.401206 -0.296415 -0.090916 -0.284646 -0.565896 -0.095773 
0.421165 -0.168631 1.750066 0.583863 -0.191318 1.750073 0.476760 -0.138406 0.811748 
0.476760 -0.138406 0.811748 0.408997 -0.155900 0.811641 0.421165 -0.168631 1.750066 
0.583863 -0.191318 1.750073 0.618620 -0.430188 1.750069 0.626491 -0.315929 0.819030 
4.282581 -0.144863 -2.772440 4.085438 -0.046116 -2.772440 4.025528 -0.015625 -3.039223 
4.025528 -0.015625 -3.039223 4.287077 -0.140444 -3.039223 4.282581 -0.144863 -2.772440 
0.618620 -0.430188 1.750069 0.360277 -0.718964 1.756851 0.372684 -0.711226 0.769864 
0.372684 -0.711226 0.769864 0.626491 -0.315929 0.819030 0.618620 -0.430188 1.750069 
0.092560 -0.305377 1.751813 0.101502 -0.239103 -0.092523 0.284297 -0.176521 -0.090575 
0.284297 -0.176521 -0.090575 0.432276 -0.228391 1.750065 0.092560 -0.305377 1.751813 
-0.592944 -0.326663 1.750049 -0.559239 -0.344700 0.852844 -0.309833 -0.172533 -0.090575 
-0.309833 -0.172533 -0.090575 -0.458495 -0.222412 1.750065 -0.592944 -0.326663 1.750049 
0.531371 -0.352019 0.852844 0.374000 -0.301618 -0.090916 0.262976 -0.502832 -0.090535 
0.262976 -0.502832 -0.090535 0.352266 -0.629130 0.795678 0.379174 -0.638348 1.754125 
0.379174 -0.638348 1.754125 0.565314 -0.334436 1.750049 0.531371 -0.352019 0.852844 
0.262976 -0.502832 -0.090535 0.379174 -0.638348 1.754125 0.531371 -0.352019 0.852844 
0.101502 -0.239103 -0.092523 0.106970 -0.197822 -0.091912 0.185050 -0.175995 -0.090540 
0.185050 -0.175995 -0.090540 0.274908 -0.123967 -0.090540 0.316380 -0.113164 -0.090331 
0.316380 -0.113164 -0.090331 0.374000 -0.301618 -0.090916 0.284297 -0.176521 -0.090575 
0.284297 -0.176521 -0.090575 0.101502 -0.239103 -0.092523 0.185050 -0.175995 -0.090540 
0.185050 -0.175995 -0.090540 0.316380 -0.113164 -0.090331 0.284297 -0.176521 -0.090575 
0.253833 -0.569511 -0.095773 -0.015938 -0.646900 -0.060628 -0.015562 -0.590960 -0.060628 
-0.166781 1.121739 -4.709993 -0.102925 0.980571 -2.942973 -0.105058 1.229086 -3.438168 
-0.105058 1.229086 -3.438168 -0.086176 2.915705 -4.974484 -0.166781 1.121739 -4.709993 
0.374000 -0.301618 -0.090916 0.253833 -0.569511 -0.095773 0.262976 -0.502832 -0.090535 
0.374000 -0.301618 -0.090916 0.316380 -0.113164 -0.090331 0.626491 -0.315929 0.819030 
-0.077527 0.757131 0.778833 -0.146423 0.969108 1.593018 0.095051 0.955381 1.456514 
0.095051 0.955381 1.456514 0.062530 0.746169 0.779576 -0.077527 0.757131 0.778833 
0.262976 -0.502832 -0.090535 0.253833 -0.569511 -0.095773 0.352266 -0.629130 0.795678 
-0.146423 0.969108 1.593018 -0.077527 0.757131 0.778833 -0.306048 0.718561 1.800154 
-0.306048 0.718561 1.800154 -0.262824 0.875563 2.384429 -0.146423 0.969108 1.593018 
-4.341842 0.265985 -3.039224 -4.100622 0.164178 -3.039224 -3.986248 -0.084918 -3.039223 
-3.986248 -0.084918 -3.039223 -4.247796 0.039900 -3.039224 -4.341842 0.265985 -3.039224 
-0.617029 0.035024 2.563556 -0.551158 -0.110431 0.663556 -0.486180 -0.137843 1.284999 
-0.486180 -0.137843 1.284999 -0.501789 -0.064621 3.681660 -0.617029 0.035024 2.563556 
-0.119842 -0.303951 1.751812 -0.013591 -0.297199 1.703748 -0.013315 -0.256058 1.703748 
-0.013315 -0.256058 1.703748 -0.156938 -0.252184 1.753527 -0.119842 -0.303951 1.751812 
0.531371 -0.352019 0.852844 0.565314 -0.334436 1.750049 0.432276 -0.228391 1.750065 
0.432276 -0.228391 1.750065 0.284297 -0.176521 -0.090575 0.531371 -0.352019 0.852844 
-0.559239 -0.344700 0.852844 -0.401206 -0.296415 -0.090916 -0.309833 -0.172533 -0.090575 
-0.292892 -0.499101 -0.090535 -0.401206 -0.296415 -0.090916 -0.559239 -0.344700 0.852844 
-0.559239 -0.344700 0.852844 -0.592944 -0.326663 1.750049 -0.410901 -0.633045 1.754125 
-0.410901 -0.633045 1.754125 -0.383869 -0.624190 0.795676 -0.292892 -0.499101 -0.090535 
-0.559239 -0.344700 0.852844 -0.410901 -0.633045 1.754125 -0.292892 -0.499101 -0.090535 
0.682404 0.036779 -4.420955 0.616295 0.199935 -4.325621 0.624062 0.348708 -0.124375 
0.624062 0.348708 -0.124375 0.696216 0.211255 0.569437 0.697375 0.084696 -2.425885 
0.624062 0.348708 -0.124375 0.697375 0.084696 -2.425885 0.682404 0.036779 -4.420955 
-0.653867 -0.307336 0.819029 -0.647530 -0.421690 1.750069 -0.628545 -0.215975 1.750070 
-0.016819 -0.778105 1.703748 -0.015938 -0.646900 -0.060628 -0.015562 -0.590960 -0.060628 
-0.015562 -0.590960 -0.060628 -0.016381 -0.712837 1.703748 -0.016819 -0.778105 1.703748 
-0.647530 -0.421690 1.750069 -0.653867 -0.307336 0.819029 -0.405389 -0.706004 0.769864 
-0.405389 -0.706004 0.769864 -0.393087 -0.713907 1.756851 -0.647530 -0.421690 1.750069 
0.040134 0.404775 3.292667 0.116100 0.411300 3.245529 0.164023 0.393214 3.245250 
0.164023 0.393214 3.245250 0.214410 0.730255 2.794155 0.040134 0.404775 3.292667 
-0.501052 -0.131298 0.812019 -0.628545 -0.215975 1.750070 -0.511994 -0.152208 1.750066 
0.397513 -0.239456 -5.406667 0.368754 0.077587 -5.377032 0.571516 0.042114 -4.783556 
0.571516 0.042114 -4.783556 0.545729 -0.196268 -4.894743 0.397513 -0.239456 -5.406667 
3.931483 0.210458 -3.039224 4.025528 -0.015625 -3.039223 4.006421 0.059875 -2.772440 
4.006421 0.059875 -2.772440 3.937937 0.216802 -2.772440 3.931483 0.210458 -3.039224 
-0.284646 -0.565896 -0.095773 -0.015938 -0.646900 -0.060628 -0.016819 -0.778105 1.703748 
-0.016819 -0.778105 1.703748 -0.393087 -0.713907 1.756851 -0.405389 -0.706004 0.769864 
-0.016819 -0.778105 1.703748 -0.405389 -0.706004 0.769864 -0.284646 -0.565896 -0.095773 
-0.028726 -0.480179 -5.388882 -0.029540 -0.601347 -4.926402 -0.329122 -0.469237 -4.999335 
-0.329122 -0.469237 -4.999335 -0.284917 -0.393817 -5.372891 -0.028726 -0.480179 -5.388882 
-0.015562 -0.590960 -0.060628 -0.015938 -0.646900 -0.060628 -0.284646 -0.565896 -0.095773 
-0.012935 -0.199466 -0.060629 0.106970 -0.197822 -0.091912 0.101502 -0.239103 -0.092523 
0.101502 -0.239103 -0.092523 -0.013171 -0.234727 -0.060629 -0.012935 -0.199466 -0.060629 
-0.292892 -0.499101 -0.090535 -0.284646 -0.565896 -0.095773 -0.401206 -0.296415 -0.090916 
-0.338951 -0.110533 -0.092266 -0.501052 -0.131298 0.812019 -0.434245 -0.150240 0.811641 
-0.653867 -0.307336 0.819029 -0.338951 -0.110533 -0.092266 -0.401206 -0.296415 -0.090916 
-0.015562 -0.590960 -0.060628 -0.016381 -0.712837 1.703748 0.379174 -0.638348 1.754125 
0.379174 -0.638348 1.754125 0.352266 -0.629130 0.795678 0.253833 -0.569511 -0.095773 
0.379174 -0.638348 1.754125 0.253833 -0.569511 -0.095773 -0.015562 -0.590960 -0.060628 
-0.032853 -0.324159 0.602991 -0.551158 -0.110431 0.663556 -0.307068 -0.569003 -0.129090 
-0.307068 -0.569003 -0.129090 -0.030313 -0.716588 -0.170131 -0.032853 -0.324159 0.602991 
-0.383869 -0.624190 0.795676 -0.284646 -0.565896 -0.095773 -0.292892 -0.499101 -0.090535 
-0.024237 0.188744 4.613255 -0.026317 -0.121255 5.139124 0.140493 0.164135 4.528107 
0.140493 0.164135 4.528107 -0.026317 -0.121255 5.139124 0.263719 -0.051671 4.586327 
0.263719 -0.051671 4.586327 -0.026317 -0.121255 5.139124 0.210373 -0.205710 4.654888 
0.210373 -0.205710 4.654888 -0.026317 -0.121255 5.139124 -0.027515 -0.299647 4.347168 
-0.022975 0.376685 3.860915 -0.024237 0.188744 4.613255 0.140493 0.164135 4.528107 
0.140493 0.164135 4.528107 0.157955 0.427759 3.117127 -0.022975 0.376685 3.860915 
0.107140 1.017724 1.940580 0.095051 0.955381 1.456514 -0.146423 0.969108 1.593018 
-0.146423 0.969108 1.593018 -0.148841 1.004145 2.183763 0.107140 1.017724 1.940580 
0.449873 -0.071007 3.681660 0.210373 -0.205710 4.654888 0.422683 -0.160738 3.546359 
0.140493 0.164135 4.528107 0.263719 -0.051671 4.586327 0.442889 0.065662 3.800411 
-0.234721 0.335810 2.900667 -0.197123 0.395638 3.245250 -0.243839 0.538932 3.016214 
-0.243839 0.538932 3.016214 -0.287934 0.376113 2.483838 -0.234721 0.335810 2.900667 
0.799162 0.051152 1.151631 0.696216 0.211255 0.569437 0.145377 0.693263 1.065894 
0.144802 0.607519 1.556344 0.144225 0.521543 2.173295 0.226276 0.438200 2.082177 
0.799162 0.051152 1.151631 0.145377 0.693263 1.065894 0.144802 0.607519 1.556344 
0.580115 0.175286 1.649451 0.566440 0.027080 2.563551 0.799162 0.051152 1.151631 
0.442889 0.065662 3.800411 0.464130 0.075739 3.224326 0.580115 0.175286 1.649451 
0.157955 0.427759 3.117127 0.140493 0.164135 4.528107 0.442889 0.065662 3.800411 
0.799162 0.051152 1.151631 0.144802 0.607519 1.556344 0.226276 0.438200 2.082177 
0.226276 0.438200 2.082177 0.157955 0.427759 3.117127 0.442889 0.065662 3.800411 
0.580115 0.175286 1.649451 0.799162 0.051152 1.151631 0.226276 0.438200 2.082177 
0.226276 0.438200 2.082177 0.442889 0.065662 3.800411 0.580115 0.175286 1.649451 
-0.841967 0.062681 1.194300 -1.137110 0.078474 0.686392 -1.299021 0.062654 -0.045686 
-1.088601 0.032556 -2.762993 -1.048268 -0.041226 -3.705970 -0.658543 -0.083175 -4.470361 
-0.841967 0.062681 1.194300 -1.299021 0.062654 -0.045686 -1.088601 0.032556 -2.762993 
-0.551158 -0.110431 0.663556 -0.617029 0.035024 2.563556 -0.841967 0.062681 1.194300 
-1.088601 0.032556 -2.762993 -0.658543 -0.083175 -4.470361 -0.674500 -0.177178 -0.037272 
-0.674500 -0.177178 -0.037272 -0.551158 -0.110431 0.663556 -0.841967 0.062681 1.194300 
-0.841967 0.062681 1.194300 -1.088601 0.032556 -2.762993 -0.674500 -0.177178 -0.037272 
0.157955 0.427759 3.117127 -0.022046 0.515085 3.105582 -0.022975 0.376685 3.860915 
0.449873 -0.071007 3.681660 0.464130 0.075739 3.224326 0.442889 0.065662 3.800411 
0.566440 0.027080 2.563551 0.580115 0.175286 1.649451 0.464130 0.075739 3.224326 
0.449873 -0.071007 3.681660 0.422683 -0.160738 3.546359 0.420249 -0.155571 1.545988 
0.271789 -0.473269 -4.999339 0.228601 -0.397264 -5.372891 0.397513 -0.239456 -5.406667 
0.397513 -0.239456 -5.406667 0.545729 -0.196268 -4.894743 0.403844 -0.458947 -3.660664 
0.403844 -0.458947 -3.660664 0.285437 -0.535625 -3.744591 0.271789 -0.473269 -4.999339 
0.397513 -0.239456 -5.406667 0.403844 -0.458947 -3.660664 0.271789 -0.473269 -4.999339 
0.464130 0.075739 3.224326 0.449873 -0.071007 3.681660 0.566440 0.027080 2.563551 
-4.132080 0.066540 -1.052162 -4.197791 0.133525 -1.047979 -4.267045 0.064513 -1.231706 
-4.267045 0.064513 -1.231706 -4.166588 0.000166 -1.217852 -4.132080 0.066540 -1.052162 
0.414431 -0.148106 1.062089 0.799162 0.051152 1.151631 0.566440 0.027080 2.563551 
-0.013171 -0.234727 -0.060629 -0.013591 -0.297199 1.703748 -0.119842 -0.303951 1.751812 
-0.119842 -0.303951 1.751812 -0.127893 -0.237563 -0.092523 -0.013171 -0.234727 -0.060629 
-0.027728 -0.248664 1.063470 0.183883 -0.254156 0.579258 0.179947 -0.220299 1.545757 
-0.393700 0.616194 0.592771 -0.744085 0.221087 0.570242 -0.187063 0.695494 1.065894 
0.111531 0.922273 2.527353 0.214410 0.730255 2.794155 0.207969 0.921605 1.959069 
0.207969 0.921605 1.959069 0.107140 1.017724 1.940580 0.111531 0.922273 2.527353 
0.183883 -0.254156 0.579258 -0.027728 -0.248664 1.063470 -0.032853 -0.324159 0.602991 
2.304970 -0.031763 -5.025844 0.993497 -0.022961 -4.458808 0.996615 -0.054950 -3.705970 
0.996615 -0.054950 -3.705970 2.440794 -0.062136 -4.800474 2.446125 -0.032710 -5.036650 
0.996615 -0.054950 -3.705970 2.446125 -0.032710 -5.036650 2.304970 -0.031763 -5.025844 
-0.032853 -0.324159 0.602991 -0.030313 -0.716588 -0.170131 0.236603 -0.575588 -0.109305 
0.236603 -0.575588 -0.109305 0.508233 -0.119186 0.617300 0.183883 -0.254156 0.579258 
0.236603 -0.575588 -0.109305 0.183883 -0.254156 0.579258 -0.032853 -0.324159 0.602991 
-0.139020 -0.435867 -4.580686 0.315595 -0.277322 -4.580686 0.228601 -0.397264 -5.372891 
0.228601 -0.397264 -5.372891 -0.028726 -0.480179 -5.388882 -0.139020 -0.435867 -4.580686 
0.236603 -0.575588 -0.109305 0.621279 -0.185586 -0.036583 0.508233 -0.119186 0.617300 
0.350931 0.611196 0.592771 0.696216 0.211255 0.569437 0.624062 0.348708 -0.124375 
1.089096 0.061842 0.682043 0.799162 0.051152 1.151631 0.414431 -0.148106 1.062089 
-0.210588 -0.173339 -0.090540 -0.132801 -0.196214 -0.091912 -0.127893 -0.237563 -0.092523 
-0.309833 -0.172533 -0.090575 -0.401206 -0.296415 -0.090916 -0.338951 -0.110533 -0.092266 
-0.210588 -0.173339 -0.090540 -0.127893 -0.237563 -0.092523 -0.309833 -0.172533 -0.090575 
-0.338951 -0.110533 -0.092266 -0.299739 -0.120110 -0.090540 -0.210588 -0.173339 -0.090540 
-0.210588 -0.173339 -0.090540 -0.309833 -0.172533 -0.090575 -0.338951 -0.110533 -0.092266 
0.033484 0.545808 -5.128985 -0.104332 0.519697 -5.127911 -0.066900 1.120508 -5.127913 
-0.066900 1.120508 -5.127913 0.030931 1.119915 -5.127914 0.033484 0.545808 -5.128985 
0.236603 -0.575588 -0.109305 0.249051 -0.601693 -1.600824 0.457251 -0.309935 -3.048532 
0.457251 -0.309935 -3.048532 0.607382 -0.095631 -4.446215 0.621279 -0.185586 -0.036583 
0.457251 -0.309935 -3.048532 0.621279 -0.185586 -0.036583 0.236603 -0.575588 -0.109305 
0.397019 0.454217 -2.129055 0.350931 0.611196 0.592771 0.624062 0.348708 -0.124375 
0.624062 0.348708 -0.124375 0.616295 0.199935 -4.325621 0.431107 0.360752 -4.380958 
0.397019 0.454217 -2.129055 0.624062 0.348708 -0.124375 0.431107 0.360752 -4.380958 
-0.611330 -0.851518 -3.642643 -0.355349 -0.539756 -3.735856 -0.362696 -0.635982 -2.777606 
-0.362696 -0.635982 -2.777606 -0.623966 -0.994535 -3.004374 -0.611330 -0.851518 -3.642643 
-0.030313 -0.716588 -0.170131 -0.029540 -0.601347 -4.926402 0.271789 -0.473269 -4.999339 
0.271789 -0.473269 -4.999339 0.285437 -0.535625 -3.744591 0.302507 -0.640175 -2.772372 
0.249051 -0.601693 -1.600824 0.236603 -0.575588 -0.109305 -0.030313 -0.716588 -0.170131 
0.271789 -0.473269 -4.999339 0.302507 -0.640175 -2.772372 0.249051 -0.601693 -1.600824 
0.271789 -0.473269 -4.999339 0.249051 -0.601693 -1.600824 -0.030313 -0.716588 -0.170131 
0.249051 -0.601693 -1.600824 0.302507 -0.640175 -2.772372 0.407870 -0.493571 -2.862589 
0.249051 -0.601693 -1.600824 0.407870 -0.493571 -2.862589 0.457251 -0.309935 -3.048532 
0.431107 0.360752 -4.380958 0.342622 0.654733 -4.344132 0.397019 0.454217 -2.129055 
0.621279 -0.185586 -0.036583 0.607382 -0.095631 -4.446215 0.996615 -0.054950 -3.705970 
0.996615 -0.054950 -3.705970 1.051123 0.037414 -2.768267 1.223812 0.027533 -0.060231 
1.223812 0.027533 -0.060231 1.089096 0.061842 0.682043 0.414431 -0.148106 1.062089 
0.414431 -0.148106 1.062089 0.183883 -0.254156 0.579258 0.508233 -0.119186 0.617300 
0.621279 -0.185586 -0.036583 0.996615 -0.054950 -3.705970 1.223812 0.027533 -0.060231 
1.223812 0.027533 -0.060231 0.414431 -0.148106 1.062089 0.508233 -0.119186 0.617300 
1.223812 0.027533 -0.060231 0.508233 -0.119186 0.617300 0.621279 -0.185586 -0.036583 
-0.072405 0.405233 3.292898 0.040134 0.404775 3.292667 0.086567 0.687129 2.980231 
0.086567 0.687129 2.980231 -0.115558 0.752922 2.909552 -0.072405 0.405233 3.292898 
0.095051 0.955381 1.456514 0.207969 0.921605 1.959069 0.277271 0.714648 1.800140 
0.277271 0.714648 1.800140 0.062530 0.746169 0.779576 0.095051 0.955381 1.456514 
1.754383 -0.097197 -4.272170 2.440794 -0.062136 -4.800474 0.996615 -0.054950 -3.705970 
-0.012935 -0.199466 -0.060629 -0.013171 -0.234727 -0.060629 -0.127893 -0.237563 -0.092523 
-0.127893 -0.237563 -0.092523 -0.132801 -0.196214 -0.091912 -0.012935 -0.199466 -0.060629 
0.682404 0.036779 -4.420955 0.597683 0.059984 -4.453556 0.616295 0.199935 -4.325621 
-0.451696 -0.233757 -5.406667 -0.607173 -0.184707 -4.870993 -0.621904 0.050124 -4.783556 
-0.621904 0.050124 -4.783556 -0.411212 0.078778 -5.355400 -0.451696 -0.233757 -5.406667 
0.457251 -0.309935 -3.048532 0.545729 -0.196268 -4.894743 0.607382 -0.095631 -4.446215 
1.004644 -0.048405 -5.212450 0.725378 -0.060578 -5.135089 0.682404 0.036779 -4.420955 
4.287077 -0.140444 -3.039223 4.172703 0.108654 -3.039223 4.191575 0.032754 -2.772440 
4.191575 0.032754 -2.772440 4.282581 -0.144863 -2.772440 4.287077 -0.140444 -3.039223 
-0.458495 -0.222412 1.750065 -0.119842 -0.303951 1.751812 -0.156938 -0.252184 1.753527 
-0.294708 -0.224702 1.750066 -0.446582 -0.162807 1.750066 -0.511994 -0.152208 1.750066 
-0.458495 -0.222412 1.750065 -0.156938 -0.252184 1.753527 -0.294708 -0.224702 1.750066 
-0.458495 -0.222412 1.750065 -0.294708 -0.224702 1.750066 -0.511994 -0.152208 1.750066 
-0.511994 -0.152208 1.750066 -0.628545 -0.215975 1.750070 -0.647530 -0.421690 1.750069 
-0.393087 -0.713907 1.756851 -0.016819 -0.778105 1.703748 -0.016381 -0.712837 1.703748 
-0.393087 -0.713907 1.756851 -0.016381 -0.712837 1.703748 -0.410901 -0.633045 1.754125 
-0.592944 -0.326663 1.750049 -0.458495 -0.222412 1.750065 -0.511994 -0.152208 1.750066 
-0.393087 -0.713907 1.756851 -0.410901 -0.633045 1.754125 -0.592944 -0.326663 1.750049 
-0.592944 -0.326663 1.750049 -0.511994 -0.152208 1.750066 -0.647530 -0.421690 1.750069 
-0.592944 -0.326663 1.750049 -0.647530 -0.421690 1.750069 -0.393087 -0.713907 1.756851 
0.342622 0.654733 -4.344132 0.431107 0.360752 -4.380958 0.176673 0.425850 -4.748905 
0.368754 0.077587 -5.377032 0.192251 0.307169 -5.404968 0.571516 0.042114 -4.783556 
-0.369308 0.576875 -1.616392 -0.102925 0.980571 -2.942973 -0.166781 1.121739 -4.709993 
-0.166781 1.121739 -4.709993 -0.384808 0.659613 -4.344131 -0.441890 0.459847 -2.129066 
-0.441890 0.459847 -2.129066 -0.393700 0.616194 0.592771 -0.369308 0.576875 -1.616392 
-0.369308 0.576875 -1.616392 -0.166781 1.121739 -4.709993 -0.441890 0.459847 -2.129066 
-1.137110 0.078474 0.686392 -0.841967 0.062681 1.194300 -0.744085 0.221087 0.570242 
-0.744085 0.221087 0.570242 -1.275393 0.110519 -0.055370 -1.137110 0.078474 0.686392 
0.607382 -0.095631 -4.446215 0.597683 0.059984 -4.453556 0.682404 0.036779 -4.420955 
0.607382 -0.095631 -4.446215 0.682404 0.036779 -4.420955 0.725378 -0.060578 -5.135089 
1.089096 0.061842 0.682043 1.223812 0.027533 -0.060231 1.224250 0.090905 -0.039439 
0.993497 -0.022961 -4.458808 1.004644 -0.048405 -5.212450 0.682404 0.036779 -4.420955 
0.682404 0.036779 -4.420955 0.697375 0.084696 -2.425885 0.996615 -0.054950 -3.705970 
0.993497 -0.022961 -4.458808 0.682404 0.036779 -4.420955 0.996615 -0.054950 -3.705970 
2.282367 0.030913 -0.728463 4.021730 0.071539 -1.944118 1.224250 0.090905 -0.039439 
1.224250 0.090905 -0.039439 1.223812 0.027533 -0.060231 2.282367 0.030913 -0.728463 
-4.335388 0.272327 -2.772440 -4.160765 0.194562 -2.772440 -4.100622 0.164178 -3.039224 
-4.100622 0.164178 -3.039224 -4.341842 0.265985 -3.039224 -4.335388 0.272327 -2.772440 
4.021730 0.071539 -1.944118 2.282367 0.030913 -0.728463 4.037967 0.018358 -1.970042 
2.446125 -0.032710 -5.036650 2.153292 -0.030745 -5.399705 1.102495 -0.034455 -5.405372 
1.102495 -0.034455 -5.405372 1.004644 -0.048405 -5.212450 0.993497 -0.022961 -4.458808 
2.304970 -0.031763 -5.025844 2.446125 -0.032710 -5.036650 1.102495 -0.034455 -5.405372 
1.102495 -0.034455 -5.405372 0.993497 -0.022961 -4.458808 2.304970 -0.031763 -5.025844 
-2.492412 -0.029027 -4.800474 -1.806533 -0.073299 -4.272169 -1.048268 -0.041226 -3.705970 
-0.139020 -0.435867 -4.580686 -0.393628 -0.198280 -4.580686 -0.378652 0.084140 -4.580686 
-0.378652 0.084140 -4.580686 -0.070879 0.311166 -4.580686 0.278938 0.162342 -4.580686 
0.278938 0.162342 -4.580686 0.315595 -0.277322 -4.580686 -0.139020 -0.435867 -4.580686 
-0.378652 0.084140 -4.580686 0.278938 0.162342 -4.580686 -0.139020 -0.435867 -4.580686 
-2.497349 0.000468 -5.036650 -2.356193 -0.000479 -5.025844 -2.356667 -0.071153 -5.025844 
-2.356667 -0.071153 -5.025844 -2.497808 -0.068040 -5.036650 -2.497349 0.000468 -5.036650 
-0.013315 -0.256058 1.703748 -0.013591 -0.297199 1.703748 -0.013171 -0.234727 -0.060629 
-0.013171 -0.234727 -0.060629 -0.012935 -0.199466 -0.060629 -0.013315 -0.256058 1.703748 
-2.497808 -0.068040 -5.036650 -2.356667 -0.071153 -5.025844 -1.806533 -0.073299 -4.272169 
-1.806533 -0.073299 -4.272169 -2.492412 -0.029027 -4.800474 -2.497808 -0.068040 -5.036650 
0.184541 0.234334 -5.305049 -0.076288 0.314861 -5.310084 -0.033866 0.369671 -5.405121 
-0.033866 0.369671 -5.405121 0.192251 0.307169 -5.404968 0.184541 0.234334 -5.305049 
1.004644 -0.048405 -5.212450 1.102495 -0.034455 -5.405372 2.139173 -0.103618 -5.399826 
2.139173 -0.103618 -5.399826 2.440264 -0.075915 -5.194561 2.445666 -0.101218 -5.036650 
2.304495 -0.102437 -5.025844 1.754383 -0.097197 -4.272170 0.996615 -0.054950 -3.705970 
2.139173 -0.103618 -5.399826 2.445666 -0.101218 -5.036650 2.304495 -0.102437 -5.025844 
0.725378 -0.060578 -5.135089 1.004644 -0.048405 -5.212450 2.139173 -0.103618 -5.399826 
0.996615 -0.054950 -3.705970 0.607382 -0.095631 -4.446215 0.725378 -0.060578 -5.135089 
2.139173 -0.103618 -5.399826 2.304495 -0.102437 -5.025844 0.996615 -0.054950 -3.705970 
2.139173 -0.103618 -5.399826 0.996615 -0.054950 -3.705970 0.725378 -0.060578 -5.135089 
2.446125 -0.032710 -5.036650 2.440264 -0.075915 -5.194561 2.153292 -0.030745 -5.399705 
2.139173 -0.103618 -5.399826 2.153292 -0.030745 -5.399705 2.440264 -0.075915 -5.194561 
2.139173 -0.103618 -5.399826 1.102495 -0.034455 -5.405372 2.153292 -0.030745 -5.399705 
4.024364 0.056981 -2.739460 4.021730 0.071539 -1.944118 4.037967 0.018358 -1.970042 
-0.243839 0.538932 3.016214 -0.262824 0.875563 2.384429 -0.306048 0.718561 1.800154 
-0.306048 0.718561 1.800154 -0.287934 0.376113 2.483838 -0.243839 0.538932 3.016214 
0.342622 0.654733 -4.344132 0.176673 0.425850 -4.748905 0.130819 1.119741 -4.709992 
0.074300 2.914629 -4.974484 0.071878 1.086665 -3.303983 0.130819 1.119741 -4.709992 
-0.355349 -0.539756 -3.735856 -0.460972 -0.453143 -3.660664 -0.432262 -0.411930 -4.265389 
-0.432262 -0.411930 -4.265389 -0.029540 -0.601347 -4.926402 -0.355349 -0.539756 -3.735856 
0.049765 2.915813 -5.570775 0.030931 1.119915 -5.127914 -0.066900 1.120508 -5.127913 
-0.066900 1.120508 -5.127913 -0.061627 2.916560 -5.570775 -0.005788 2.937468 -5.571842 
-0.066900 1.120508 -5.127913 -0.005788 2.937468 -5.571842 0.049765 2.915813 -5.570775 
0.071878 1.086665 -3.303983 0.008838 0.986764 -2.809338 0.397019 0.454217 -2.129055 
0.033484 0.545808 -5.128985 0.192251 0.307169 -5.404968 -0.033866 0.369671 -5.405121 
2.440794 -0.062136 -4.800474 2.445666 -0.101218 -5.036650 2.446125 -0.032710 -5.036650 
2.446125 -0.032710 -5.036650 2.445666 -0.101218 -5.036650 2.440264 -0.075915 -5.194561 
0.285437 -0.535625 -3.744591 0.403844 -0.458947 -3.660664 0.548841 -0.859305 -3.642643 
0.407870 -0.493571 -2.862589 0.302507 -0.640175 -2.772372 0.559556 -1.002478 -3.004374 
0.607382 -0.095631 -4.446215 0.545729 -0.196268 -4.894743 0.571516 0.042114 -4.783556 
0.571516 0.042114 -4.783556 0.616295 0.199935 -4.325621 0.597683 0.059984 -4.453556 
0.571516 0.042114 -4.783556 0.597683 0.059984 -4.453556 0.607382 -0.095631 -4.446215 
0.144802 0.607519 1.556344 0.145377 0.693263 1.065894 -0.020401 0.760187 1.057322 
-4.074242 0.111335 -2.739460 -4.071413 0.125857 -1.944120 -1.275393 0.110519 -0.055370 
-1.275393 0.110519 -0.055370 -0.744085 0.221087 0.570242 -0.752120 0.089396 -2.566812 
-0.752120 0.089396 -2.566812 -1.048268 -0.041226 -3.705970 -1.105251 0.092737 -2.766483 
-1.105251 0.092737 -2.766483 -4.074242 0.111335 -2.739460 -1.275393 0.110519 -0.055370 
-1.275393 0.110519 -0.055370 -0.752120 0.089396 -2.566812 -1.105251 0.092737 -2.766483 
-0.284646 -0.565896 -0.095773 -0.383869 -0.624190 0.795676 -0.410901 -0.633045 1.754125 
-0.410901 -0.633045 1.754125 -0.016381 -0.712837 1.703748 -0.015562 -0.590960 -0.060628 
-0.410901 -0.633045 1.754125 -0.015562 -0.590960 -0.060628 -0.284646 -0.565896 -0.095773 
-0.623966 -0.994535 -3.004374 -0.466050 -0.490059 -2.863394 -0.460972 -0.453143 -3.660664 
-0.460972 -0.453143 -3.660664 -0.611330 -0.851518 -3.642643 -0.623966 -0.994535 -3.004374 
0.278938 0.162342 -4.580686 -0.070879 0.311166 -4.580686 -0.076288 0.314861 -5.310084 
-0.076288 0.314861 -5.310084 0.184541 0.234334 -5.305049 0.278938 0.162342 -4.580686 
0.008838 0.986764 -2.809338 0.071878 1.086665 -3.303983 -0.017144 1.245527 -3.377245 
0.008838 0.986764 -2.809338 -0.020809 0.699478 -1.615489 0.326014 0.572208 -1.616392 
-0.621904 0.050124 -4.783556 -0.607173 -0.184707 -4.870993 -0.658543 -0.083175 -4.470361 
-0.658543 -0.083175 -4.470361 -0.665722 0.204464 -4.357631 -0.621904 0.050124 -4.783556 
0.092560 -0.305377 1.751813 -0.013591 -0.297199 1.703748 -0.013171 -0.234727 -0.060629 
-0.013171 -0.234727 -0.060629 0.101502 -0.239103 -0.092523 0.092560 -0.305377 1.751813 
0.049765 2.915813 -5.570775 0.074300 2.914629 -4.974484 0.030931 1.119915 -5.127914 
-0.148962 0.413078 3.245529 -0.072405 0.405233 3.292898 -0.243839 0.538932 3.016214 
-0.243839 0.538932 3.016214 -0.197123 0.395638 3.245250 -0.148962 0.413078 3.245529 
0.368754 0.077587 -5.377032 0.397513 -0.239456 -5.406667 0.334816 -0.216730 -5.303111 
0.228601 -0.397264 -5.372891 0.334816 -0.216730 -5.303111 0.397513 -0.239456 -5.406667 
0.368754 0.077587 -5.377032 0.184541 0.234334 -5.305049 0.192251 0.307169 -5.404968 
2.304495 -0.102437 -5.025844 2.445666 -0.101218 -5.036650 2.440794 -0.062136 -4.800474 
2.440794 -0.062136 -4.800474 1.754383 -0.097197 -4.272170 2.304495 -0.102437 -5.025844 
0.334816 -0.216730 -5.303111 0.228601 -0.397264 -5.372891 0.315595 -0.277322 -4.580686 
0.184541 0.234334 -5.305049 0.368754 0.077587 -5.377032 0.278938 0.162342 -4.580686 
0.368754 0.077587 -5.377032 0.334816 -0.216730 -5.303111 0.315595 -0.277322 -4.580686 
0.315595 -0.277322 -4.580686 0.278938 0.162342 -4.580686 0.368754 0.077587 -5.377032 
-0.024237 0.188744 4.613255 -0.189281 0.166350 4.528104 -0.026317 -0.121255 5.139124 
-0.189281 0.166350 4.528104 -0.315393 -0.047783 4.586329 -0.026317 -0.121255 5.139124 
-0.315393 -0.047783 4.586329 -0.264119 -0.202526 4.654888 -0.026317 -0.121255 5.139124 
-0.264119 -0.202526 4.654888 -0.027515 -0.299647 4.347168 -0.026317 -0.121255 5.139124 
-0.024237 0.188744 4.613255 -0.022975 0.376685 3.860915 -0.203204 0.430184 3.117127 
-0.203204 0.430184 3.117127 -0.189281 0.166350 4.528104 -0.024237 0.188744 4.613255 
0.449873 -0.071007 3.681660 0.442889 0.065662 3.800411 0.263719 -0.051671 4.586327 
0.263719 -0.051671 4.586327 0.210373 -0.205710 4.654888 0.449873 -0.071007 3.681660 
-0.475809 -0.154709 3.546348 -0.264119 -0.202526 4.654888 -0.501789 -0.064621 3.681660 
-0.492972 0.071943 3.800414 -0.315393 -0.047783 4.586329 -0.189281 0.166350 4.528104 
0.420249 -0.155571 1.545988 0.422683 -0.160738 3.546359 0.210373 -0.205710 4.654888 
0.210373 -0.205710 4.654888 -0.027515 -0.299647 4.347168 -0.042778 -0.296829 3.145156 
-0.042778 -0.296829 3.145156 -0.027460 -0.250587 1.556318 0.179947 -0.220299 1.545757 
0.179947 -0.220299 1.545757 0.420249 -0.155571 1.545988 0.210373 -0.205710 4.654888 
0.210373 -0.205710 4.654888 -0.042778 -0.296829 3.145156 0.179947 -0.220299 1.545757 
-0.187639 0.609751 1.556344 -0.187063 0.695494 1.065894 -0.744085 0.221087 0.570242 
-0.744085 0.221087 0.570242 -0.841967 0.062681 1.194300 -0.617029 0.035024 2.563556 
-0.628712 0.183400 1.649465 -0.514076 0.082304 3.224328 -0.492972 0.071943 3.800414 
-0.744085 0.221087 0.570242 -0.617029 0.035024 2.563556 -0.628712 0.183400 1.649465 
-0.188216 0.523774 2.173295 -0.187639 0.609751 1.556344 -0.744085 0.221087 0.570242 
-0.189281 0.166350 4.528104 -0.203204 0.430184 3.117127 -0.271378 0.441540 2.082177 
-0.271378 0.441540 2.082177 -0.188216 0.523774 2.173295 -0.744085 0.221087 0.570242 
-0.628712 0.183400 1.649465 -0.492972 0.071943 3.800414 -0.189281 0.166350 4.528104 
-0.271378 0.441540 2.082177 -0.744085 0.221087 0.570242 -0.628712 0.183400 1.649465 
-0.628712 0.183400 1.649465 -0.189281 0.166350 4.528104 -0.271378 0.441540 2.082177 
-0.022975 0.376685 3.860915 -0.022046 0.515085 3.105582 -0.203204 0.430184 3.117127 
-0.492972 0.071943 3.800414 -0.514076 0.082304 3.224328 -0.501789 -0.064621 3.681660 
-0.514076 0.082304 3.224328 -0.628712 0.183400 1.649465 -0.617029 0.035024 2.563556 
-0.607173 -0.184707 -4.870993 -0.432262 -0.411930 -4.265389 -0.511287 -0.309067 -2.777070 
-0.511287 -0.309067 -2.777070 -0.658543 -0.083175 -4.470361 -0.607173 -0.184707 -4.870993 
-0.005826 2.931734 -4.947152 -0.005788 2.937468 -5.240352 -0.005788 2.937468 -5.571842 
-0.005788 2.937468 -5.571842 -0.061627 2.916560 -5.570775 -0.086176 2.915705 -4.974484 
-0.005788 2.937468 -5.571842 -0.086176 2.915705 -4.974484 -0.005826 2.931734 -4.947152 
-0.486180 -0.137843 1.284999 -0.475809 -0.154709 3.546348 -0.501789 -0.064621 3.681660 
-0.617029 0.035024 2.563556 -0.501789 -0.064621 3.681660 -0.514076 0.082304 3.224328 
0.253833 -0.569511 -0.095773 0.374000 -0.301618 -0.090916 0.626491 -0.315929 0.819030 
0.626491 -0.315929 0.819030 0.372684 -0.711226 0.769864 0.253833 -0.569511 -0.095773 
-0.042778 -0.296829 3.145156 -0.027728 -0.248664 1.063470 -0.027460 -0.250587 1.556318 
0.696216 0.211255 0.569437 0.350931 0.611196 0.592771 0.145377 0.693263 1.065894 
-0.486180 -0.137843 1.284999 -0.551158 -0.110431 0.663556 -0.032853 -0.324159 0.602991 
-0.032853 -0.324159 0.602991 -0.027728 -0.248664 1.063470 -0.486180 -0.137843 1.284999 
-0.378652 0.084140 -4.580686 -0.411212 0.078778 -5.355400 -0.076288 0.314861 -5.310084 
-0.076288 0.314861 -5.310084 -0.070879 0.311166 -4.580686 -0.378652 0.084140 -4.580686 
-0.551158 -0.110431 0.663556 -0.674500 -0.177178 -0.037272 -0.307068 -0.569003 -0.129090 
-0.670329 0.357395 -0.124375 -0.744085 0.221087 0.570242 -0.393700 0.616194 0.592771 
-0.016819 -0.778105 1.703748 -0.015938 -0.646900 -0.060628 0.253833 -0.569511 -0.095773 
0.253833 -0.569511 -0.095773 0.372684 -0.711226 0.769864 0.360277 -0.718964 1.756851 
0.253833 -0.569511 -0.095773 0.360277 -0.718964 1.756851 -0.016819 -0.778105 1.703748 
-0.477231 0.366849 -4.380958 -0.665722 0.204464 -4.357631 -0.670329 0.357395 -0.124375 
-0.670329 0.357395 -0.124375 -0.393700 0.616194 0.592771 -0.441890 0.459847 -2.129066 
-0.670329 0.357395 -0.124375 -0.441890 0.459847 -2.129066 -0.477231 0.366849 -4.380958 
-0.315393 -0.047783 4.586329 -0.492972 0.071943 3.800414 -0.501789 -0.064621 3.681660 
-0.501789 -0.064621 3.681660 -0.264119 -0.202526 4.654888 -0.315393 -0.047783 4.586329 
-0.355349 -0.539756 -3.735856 -0.029540 -0.601347 -4.926402 -0.030313 -0.716588 -0.170131 
-0.030313 -0.716588 -0.170131 -0.307068 -0.569003 -0.129090 -0.362696 -0.635982 -2.777606 
-0.030313 -0.716588 -0.170131 -0.362696 -0.635982 -2.777606 -0.355349 -0.539756 -3.735856 
0.033484 0.545808 -5.128985 0.030931 1.119915 -5.127914 0.074300 2.914629 -4.974484 
0.074300 2.914629 -4.974484 0.130819 1.119741 -4.709992 0.176673 0.425850 -4.748905 
0.074300 2.914629 -4.974484 0.176673 0.425850 -4.748905 0.033484 0.545808 -5.128985 
-0.511287 -0.309067 -2.777070 -0.466050 -0.490059 -2.863394 -0.362696 -0.635982 -2.777606 
-0.511287 -0.309067 -2.777070 -0.362696 -0.635982 -2.777606 -0.307068 -0.569003 -0.129090 
-0.441890 0.459847 -2.129066 -0.384808 0.659613 -4.344131 -0.477231 0.366849 -4.380958 
-0.104332 0.519697 -5.127911 0.033484 0.545808 -5.128985 -0.033866 0.369671 -5.405121 
-0.033866 0.369671 -5.405121 -0.260894 0.288506 -5.402826 -0.104332 0.519697 -5.127911 
-1.044720 -0.009281 -4.458808 -1.048268 -0.041226 -3.705970 -0.752120 0.089396 -2.566812 
0.033484 0.545808 -5.128985 0.176673 0.425850 -4.748905 0.571516 0.042114 -4.783556 
0.571516 0.042114 -4.783556 0.192251 0.307169 -5.404968 0.033484 0.545808 -5.128985 
-0.665722 0.204464 -4.357631 -0.658543 -0.083175 -4.470361 -0.755155 0.039517 -4.429308 
0.476760 -0.138406 0.811748 0.583863 -0.191318 1.750073 0.626491 -0.315929 0.819030 
0.626491 -0.315929 0.819030 0.316380 -0.113164 -0.090331 0.476760 -0.138406 0.811748 
-0.460972 -0.453143 -3.660664 -0.511287 -0.309067 -2.777070 -0.432262 -0.411930 -4.265389 
-0.393628 -0.198280 -4.580686 -0.388699 -0.211875 -5.303111 -0.411212 0.078778 -5.355400 
-0.411212 0.078778 -5.355400 -0.378652 0.084140 -4.580686 -0.393628 -0.198280 -4.580686 
-0.755155 0.039517 -4.429308 -0.777131 -0.050494 -5.135089 -1.056207 -0.034574 -5.212451 
-0.432262 -0.411930 -4.265389 -0.329122 -0.469237 -4.999335 -0.029540 -0.601347 -4.926402 
-0.221946 0.428527 -4.748905 -0.477231 0.366849 -4.380958 -0.384808 0.659613 -4.344131 
-0.028726 -0.480179 -5.388882 0.228601 -0.397264 -5.372891 0.271789 -0.473269 -4.999339 
0.271789 -0.473269 -4.999339 -0.029540 -0.601347 -4.926402 -0.028726 -0.480179 -5.388882 
-0.451696 -0.233757 -5.406667 -0.284917 -0.393817 -5.372891 -0.329122 -0.469237 -4.999335 
-0.329122 -0.469237 -4.999335 -0.432262 -0.411930 -4.265389 -0.607173 -0.184707 -4.870993 
-0.329122 -0.469237 -4.999335 -0.607173 -0.184707 -4.870993 -0.451696 -0.233757 -5.406667 
-0.621904 0.050124 -4.783556 -0.260894 0.288506 -5.402826 -0.411212 0.078778 -5.355400 
-0.511287 -0.309067 -2.777070 -0.307068 -0.569003 -0.129090 -0.674500 -0.177178 -0.037272 
-0.674500 -0.177178 -0.037272 -0.658543 -0.083175 -4.470361 -0.511287 -0.309067 -2.777070 
0.548841 -0.859305 -3.642643 0.559556 -1.002478 -3.004374 0.302507 -0.640175 -2.772372 
0.302507 -0.640175 -2.772372 0.285437 -0.535625 -3.744591 0.548841 -0.859305 -3.642643 
-0.777131 -0.050494 -5.135089 -0.755155 0.039517 -4.429308 -0.658543 -0.083175 -4.470361 
-1.275393 0.110519 -0.055370 -1.299021 0.062654 -0.045686 -1.137110 0.078474 0.686392 
-1.088601 0.032556 -2.762993 -2.269485 0.061628 -2.641434 -1.105251 0.092737 -2.766483 
-1.088601 0.032556 -2.762993 -1.105251 0.092737 -2.766483 -1.048268 -0.041226 -3.705970 
-2.269485 0.061628 -2.641434 -1.088601 0.032556 -2.762993 -1.299021 0.062654 -0.045686 
-1.299021 0.062654 -0.045686 -4.088360 0.072898 -1.970041 -4.074242 0.111335 -2.739460 
-2.269485 0.061628 -2.641434 -1.299021 0.062654 -0.045686 -4.074242 0.111335 -2.739460 
2.304495 -0.102437 -5.025844 0.972641 -0.091878 -4.458808 0.993497 -0.022961 -4.458808 
0.993497 -0.022961 -4.458808 2.304970 -0.031763 -5.025844 2.304495 -0.102437 -5.025844 
0.571516 0.042114 -4.783556 0.176673 0.425850 -4.748905 0.431107 0.360752 -4.380958 
0.431107 0.360752 -4.380958 0.616295 0.199935 -4.325621 0.571516 0.042114 -4.783556 
-4.074242 0.111335 -2.739460 -1.105251 0.092737 -2.766483 -2.269485 0.061628 -2.641434 
-1.275393 0.110519 -0.055370 -4.071413 0.125857 -1.944120 -1.299021 0.062654 -0.045686 
-4.088360 0.072898 -1.970041 -1.299021 0.062654 -0.045686 -4.071413 0.125857 -1.944120 
0.397019 0.454217 -2.129055 0.342622 0.654733 -4.344132 0.130819 1.119741 -4.709992 
0.130819 1.119741 -4.709992 0.071878 1.086665 -3.303983 0.397019 0.454217 -2.129055 
-2.356193 -0.000479 -5.025844 -1.044720 -0.009281 -4.458808 -1.056207 -0.034574 -5.212451 
-1.056207 -0.034574 -5.212451 -1.153863 -0.019312 -5.405372 -2.204515 -0.001497 -5.399705 
-2.204515 -0.001497 -5.399705 -2.497349 0.000468 -5.036650 -2.356193 -0.000479 -5.025844 
-1.056207 -0.034574 -5.212451 -2.204515 -0.001497 -5.399705 -2.356193 -0.000479 -5.025844 
-0.628545 -0.215975 1.750070 -0.501052 -0.131298 0.812019 -0.338951 -0.110533 -0.092266 
-0.338951 -0.110533 -0.092266 -0.653867 -0.307336 0.819029 -0.628545 -0.215975 1.750070 
2.282367 0.030913 -0.728463 1.223812 0.027533 -0.060231 1.051123 0.037414 -2.768267 
2.140881 0.059820 -2.692241 4.024364 0.056981 -2.739460 4.037967 0.018358 -1.970042 
2.282367 0.030913 -0.728463 1.051123 0.037414 -2.768267 2.140881 0.059820 -2.692241 
2.140881 0.059820 -2.692241 4.037967 0.018358 -1.970042 2.282367 0.030913 -0.728463 
-0.017144 1.245527 -3.377245 -0.105058 1.229086 -3.438168 -0.102925 0.980571 -2.942973 
-0.102925 0.980571 -2.942973 0.008838 0.986764 -2.809338 -0.017144 1.245527 -3.377245 
-1.048268 -0.041226 -3.705970 -1.044720 -0.009281 -4.458808 -2.356193 -0.000479 -5.025844 
-2.356193 -0.000479 -5.025844 -2.497349 0.000468 -5.036650 -2.492412 -0.029027 -4.800474 
-2.356193 -0.000479 -5.025844 -2.492412 -0.029027 -4.800474 -1.048268 -0.041226 -3.705970 
-0.755155 0.039517 -4.429308 -0.752120 0.089396 -2.566812 -0.744085 0.221087 0.570242 
-0.744085 0.221087 0.570242 -0.670329 0.357395 -0.124375 -0.665722 0.204464 -4.357631 
-0.744085 0.221087 0.570242 -0.665722 0.204464 -4.357631 -0.755155 0.039517 -4.429308 
-2.191375 -0.074553 -5.399826 -1.153863 -0.019312 -5.405372 -1.056207 -0.034574 -5.212451 
-1.056207 -0.034574 -5.212451 -0.777131 -0.050494 -5.135089 -0.658543 -0.083175 -4.470361 
-0.658543 -0.083175 -4.470361 -1.048268 -0.041226 -3.705970 -1.806533 -0.073299 -4.272169 
-2.356667 -0.071153 -5.025844 -2.497808 -0.068040 -5.036650 -2.492067 -0.042812 -5.194561 
-0.658543 -0.083175 -4.470361 -1.806533 -0.073299 -4.272169 -2.356667 -0.071153 -5.025844 
-2.191375 -0.074553 -5.399826 -1.056207 -0.034574 -5.212451 -0.658543 -0.083175 -4.470361 
-2.356667 -0.071153 -5.025844 -2.492067 -0.042812 -5.194561 -2.191375 -0.074553 -5.399826 
-0.658543 -0.083175 -4.470361 -2.356667 -0.071153 -5.025844 -2.191375 -0.074553 -5.399826 
-2.204515 -0.001497 -5.399705 -2.492067 -0.042812 -5.194561 -2.497349 0.000468 -5.036650 
3.931483 0.210458 -3.039224 4.172703 0.108654 -3.039223 4.287077 -0.140444 -3.039223 
4.287077 -0.140444 -3.039223 4.025528 -0.015625 -3.039223 3.931483 0.210458 -3.039224 
-2.492067 -0.042812 -5.194561 -2.204515 -0.001497 -5.399705 -2.191375 -0.074553 -5.399826 
-2.204515 -0.001497 -5.399705 -1.153863 -0.019312 -5.405372 -2.191375 -0.074553 -5.399826 
-4.088360 0.072898 -1.970041 -4.071413 0.125857 -1.944120 -4.074242 0.111335 -2.739460 
-1.056207 -0.034574 -5.212451 -1.044720 -0.009281 -4.458808 -0.752120 0.089396 -2.566812 
-0.752120 0.089396 -2.566812 -0.755155 0.039517 -4.429308 -1.056207 -0.034574 -5.212451 
-0.166781 1.121739 -4.709993 -0.221946 0.428527 -4.748905 -0.384808 0.659613 -4.344131 
0.420249 -0.155571 1.545988 0.414431 -0.148106 1.062089 0.566440 0.027080 2.563551 
0.566440 0.027080 2.563551 0.449873 -0.071007 3.681660 0.420249 -0.155571 1.545988 
-2.497349 0.000468 -5.036650 -2.497808 -0.068040 -5.036650 -2.492412 -0.029027 -4.800474 
-2.492067 -0.042812 -5.194561 -2.497808 -0.068040 -5.036650 -2.497349 0.000468 -5.036650 
-0.460972 -0.453143 -3.660664 -0.466050 -0.490059 -2.863394 -0.511287 -0.309067 -2.777070 
-0.611330 -0.851518 -3.642643 -0.460972 -0.453143 -3.660664 -0.355349 -0.539756 -3.735856 
-0.623966 -0.994535 -3.004374 -0.362696 -0.635982 -2.777606 -0.466050 -0.490059 -2.863394 
-0.309833 -0.172533 -0.090575 -0.127893 -0.237563 -0.092523 -0.119842 -0.303951 1.751812 
-0.119842 -0.303951 1.751812 -0.458495 -0.222412 1.750065 -0.309833 -0.172533 -0.090575 
0.559556 -1.002478 -3.004374 0.548841 -0.859305 -3.642643 0.403844 -0.458947 -3.660664 
0.403844 -0.458947 -3.660664 0.407870 -0.493571 -2.862589 0.559556 -1.002478 -3.004374 
-0.020401 0.760187 1.057322 -0.187063 0.695494 1.065894 -0.187639 0.609751 1.556344 
-0.005826 2.931734 -4.947152 -0.086176 2.915705 -4.974484 -0.105058 1.229086 -3.438168 
-0.086176 2.915705 -4.974484 -0.066900 1.120508 -5.127913 -0.104332 0.519697 -5.127911 
-0.104332 0.519697 -5.127911 -0.221946 0.428527 -4.748905 -0.166781 1.121739 -4.709993 
-0.104332 0.519697 -5.127911 -0.166781 1.121739 -4.709993 -0.086176 2.915705 -4.974484 
-0.105058 1.229086 -3.438168 -0.017144 1.245527 -3.377245 -0.005826 2.931734 -4.947152 
0.074300 2.914629 -4.974484 0.049765 2.915813 -5.570775 -0.005788 2.937468 -5.571842 
-0.005788 2.937468 -5.571842 -0.005788 2.937468 -5.240352 -0.005826 2.931734 -4.947152 
-0.005788 2.937468 -5.571842 -0.005826 2.931734 -4.947152 0.074300 2.914629 -4.974484 
-0.042778 -0.296829 3.145156 -0.027515 -0.299647 4.347168 -0.264119 -0.202526 4.654888 
-0.264119 -0.202526 4.654888 -0.475809 -0.154709 3.546348 -0.486180 -0.137843 1.284999 
-0.486180 -0.137843 1.284999 -0.027728 -0.248664 1.063470 -0.042778 -0.296829 3.145156 
-0.264119 -0.202526 4.654888 -0.486180 -0.137843 1.284999 -0.042778 -0.296829 3.145156 
0.326014 0.572208 -1.616392 -0.020809 0.699478 -1.615489 -0.020401 0.760187 1.057322 
-0.020401 0.760187 1.057322 0.145377 0.693263 1.065894 0.350931 0.611196 0.592771 
-0.020401 0.760187 1.057322 0.350931 0.611196 0.592771 0.326014 0.572208 -1.616392 
-0.066900 1.120508 -5.127913 -0.086176 2.915705 -4.974484 -0.061627 2.916560 -5.570775 
-0.260894 0.288506 -5.402826 -0.076288 0.314861 -5.310084 -0.411212 0.078778 -5.355400 
-0.076288 0.314861 -5.310084 -0.260894 0.288506 -5.402826 -0.033866 0.369671 -5.405121 
-0.388699 -0.211875 -5.303111 -0.451696 -0.233757 -5.406667 -0.411212 0.078778 -5.355400 
-0.451696 -0.233757 -5.406667 -0.388699 -0.211875 -5.303111 -0.284917 -0.393817 -5.372891 
-0.139020 -0.435867 -4.580686 -0.028726 -0.480179 -5.388882 -0.284917 -0.393817 -5.372891 
-0.388699 -0.211875 -5.303111 -0.393628 -0.198280 -4.580686 -0.139020 -0.435867 -4.580686 
-0.139020 -0.435867 -4.580686 -0.284917 -0.393817 -5.372891 -0.388699 -0.211875 -5.303111 
-0.221946 0.428527 -4.748905 -0.104332 0.519697 -5.127911 -0.260894 0.288506 -5.402826 
-0.260894 0.288506 -5.402826 -0.621904 0.050124 -4.783556 -0.221946 0.428527 -4.748905 
2.446125 -0.032710 -5.036650 2.445666 -0.101218 -5.036650 2.304495 -0.102437 -5.025844 
2.304495 -0.102437 -5.025844 2.304970 -0.031763 -5.025844 2.446125 -0.032710 -5.036650 
