0.155062 -0.029948 -0.742737 0.139576 -0.026218 -1.488724 0.136918 0.040336 -1.488675 
0.136918 0.040336 -1.488675 0.155331 0.031741 -0.742689 0.158234 0.000883 -0.742714 
0.136918 0.040336 -1.488675 0.158234 0.000883 -0.742714 0.155062 -0.029948 -0.742737 
-0.110714 0.090256 -0.893579 -0.099237 0.102476 -1.488665 -0.123419 0.071747 -1.488691 
0.000082 0.044736 2.011257 0.017486 0.085341 1.917371 0.014507 0.141412 1.759745 
0.014507 0.141412 1.759745 -0.040834 0.136272 1.759733 -0.025398 0.084394 1.913426 
0.014507 0.141412 1.759745 -0.025398 0.084394 1.913426 0.000082 0.044736 2.011257 
0.353951 0.356905 -1.431210 0.356136 0.354638 -1.346090 0.094393 0.093107 -1.323751 
0.094393 0.093107 -1.323751 0.093221 0.094379 -1.431582 0.353951 0.356905 -1.431210 
-0.040834 0.136272 1.759733 -0.026718 0.140832 -1.488625 -0.063894 0.128719 -1.488640 
-0.063894 0.128719 -1.488640 -0.068382 0.125939 -0.893549 -0.040834 0.136272 1.759733 
-0.122574 -0.037067 -1.252539 -0.098295 -0.081084 -1.252568 -0.101110 -0.077406 -1.488798 
-0.101110 -0.077406 -1.488798 -0.118482 -0.046448 -1.488778 -0.122574 -0.037067 -1.252539 
0.007837 -0.088441 1.913302 -0.000646 -0.045656 2.011188 -0.026477 -0.084839 1.913301 
-0.026477 -0.084839 1.913301 -0.014995 -0.141959 1.759531 0.007837 -0.088441 1.913302 
-0.034443 0.126198 -1.488638 0.015677 0.130027 -1.488627 0.033907 0.125211 -1.252396 
0.033907 0.125211 -1.252396 -0.023798 0.127961 -1.252402 -0.034443 0.126198 -1.488638 
-0.021902 -0.040274 2.010303 -0.013858 -0.009038 2.059357 -0.038062 -0.025267 2.011200 
-0.038062 -0.025267 2.011200 -0.056798 -0.068384 1.913308 -0.021902 -0.040274 2.010303 
-0.157971 0.002264 -0.742759 -0.141259 -0.008688 -1.488752 -0.135084 -0.041295 -0.893680 
-0.135084 -0.041295 -0.893680 -0.139461 -0.027334 1.759393 -0.141930 0.014477 1.759627 
-0.141930 0.014477 1.759627 -0.155146 0.031389 1.567857 -0.154799 0.033095 -0.742737 
-0.157971 0.002264 -0.742759 -0.135084 -0.041295 -0.893680 -0.141930 0.014477 1.759627 
-0.141930 0.014477 1.759627 -0.154799 0.033095 -0.742737 -0.157971 0.002264 -0.742759 
-0.091227 -0.109884 1.759543 -0.126247 -0.066724 1.759569 -0.108340 -0.089778 -0.893713 
-0.126350 -0.062017 -1.488790 -0.108340 -0.089778 -0.893713 -0.126247 -0.066724 1.759569 
-0.126247 -0.066724 1.759569 -0.135084 -0.041295 -0.893680 -0.126350 -0.062017 -1.488790 
0.047797 -0.073568 1.917257 0.024523 -0.038241 2.011199 0.000834 -0.016551 2.059604 
0.000834 -0.016551 2.059604 -0.000646 -0.045656 2.011188 0.007837 -0.088441 1.913302 
0.007837 -0.088441 1.913302 0.040344 -0.136820 1.759544 0.047797 -0.073568 1.917257 
0.000834 -0.016551 2.059604 0.007837 -0.088441 1.913302 0.047797 -0.073568 1.917257 
-0.090000 0.110344 1.759705 -0.068382 0.125939 -0.893549 -0.063894 0.128719 -1.488640 
-0.063894 0.128719 -1.488640 -0.099237 0.102476 -1.488665 -0.110714 0.090256 -0.893579 
-0.063894 0.128719 -1.488640 -0.110714 0.090256 -0.893579 -0.090000 0.110344 1.759705 
-0.090000 0.110344 1.759705 -0.040834 0.136272 1.759733 -0.068382 0.125939 -0.893549 
0.078235 -0.115708 -1.488799 0.107946 -0.090289 -1.488776 0.109368 -0.091254 1.759587 
0.109368 -0.091254 1.759587 0.078032 -0.118537 1.759358 0.078235 -0.115708 -1.488799 
-0.014995 -0.141959 1.759531 -0.011895 -0.139706 -0.893735 -0.000558 -0.156530 -0.742857 
-0.061009 -0.144231 -0.742856 -0.065084 -0.124333 -0.893733 -0.069383 -0.121538 -1.488825 
-0.069383 -0.121538 -1.488825 -0.016758 -0.138770 -1.488830 -0.011895 -0.139706 -0.893735 
-0.011895 -0.139706 -0.893735 -0.014995 -0.141959 1.759531 -0.055088 -0.131062 1.759329 
-0.061009 -0.144231 -0.742856 -0.069383 -0.121538 -1.488825 -0.011895 -0.139706 -0.893735 
-0.011895 -0.139706 -0.893735 -0.055088 -0.131062 1.759329 -0.061009 -0.144231 -0.742856 
0.067606 0.124980 1.759741 0.088543 0.132648 -0.742629 0.065394 0.127702 -0.893524 
0.125757 0.066181 1.759705 0.124410 0.070219 -0.893559 0.118076 0.080115 -1.488648 
0.118076 0.080115 -1.488648 0.092657 0.109826 -1.488630 0.100475 0.099571 1.759523 
0.118076 0.080115 -1.488648 0.100475 0.099571 1.759523 0.125757 0.066181 1.759705 
0.112657 -0.103668 1.472325 0.097793 -0.118520 1.472311 0.107819 -0.128555 1.472306 
0.107819 -0.128555 1.472306 0.122684 -0.113703 1.472319 0.112657 -0.103668 1.472325 
-0.146020 0.061008 1.567881 -0.125501 0.067574 1.759668 -0.090000 0.110344 1.759705 
-0.090000 0.110344 1.759705 -0.110714 0.090256 -0.893579 -0.130943 0.089984 -0.742694 
-0.130943 0.089984 -0.742694 -0.145673 0.062714 -0.742714 -0.145883 0.061667 0.675220 
-0.145883 0.061667 0.675220 -0.146020 0.061008 1.567881 -0.090000 0.110344 1.759705 
-0.090000 0.110344 1.759705 -0.130943 0.089984 -0.742694 -0.145883 0.061667 0.675220 
-0.114262 -0.103571 1.472291 -0.119707 -0.098080 1.426383 -0.138696 -0.117052 1.426366 
-0.138696 -0.117052 1.426366 -0.124297 -0.113597 1.472282 -0.114262 -0.103571 1.472291 
-0.093849 0.113970 1.426543 -0.093565 0.115365 -0.463571 -0.112538 0.134354 -0.463559 
-0.112538 0.134354 -0.463559 -0.112821 0.132959 1.426553 -0.093849 0.113970 1.426543 
0.083195 0.102175 -1.252405 0.033907 0.125211 -1.252396 0.049850 0.120421 -1.488629 
0.049850 0.120421 -1.488629 0.084135 0.099898 -1.488639 0.083195 0.102175 -1.252405 
-0.141930 0.014477 1.759627 -0.125501 0.067574 1.759668 -0.146020 0.061008 1.567881 
-0.146020 0.061008 1.567881 -0.155146 0.031389 1.567857 -0.141930 0.014477 1.759627 
-0.045356 0.008761 2.009684 -0.077984 0.041793 1.913390 -0.125501 0.067574 1.759668 
-0.125501 0.067574 1.759668 -0.141930 0.014477 1.759627 -0.087148 0.017290 1.911712 
-0.125501 0.067574 1.759668 -0.087148 0.017290 1.911712 -0.045356 0.008761 2.009684 
0.138972 0.026787 1.759475 0.125757 0.066181 1.759705 0.084512 0.024741 1.913400 
0.100475 0.099571 1.759523 0.067606 0.124980 1.759741 0.062123 0.061028 1.917363 
-0.122574 -0.037067 -1.252539 -0.128208 0.018619 -1.252499 -0.118089 0.051556 -1.252473 
-0.118089 0.051556 -1.252473 -0.114111 0.059047 -1.252467 -0.090101 0.093050 -1.252438 
-0.090101 0.093050 -1.252438 -0.070592 0.108918 -1.252423 -0.048364 0.120675 -1.252411 
-0.048364 0.120675 -1.252411 -0.023798 0.127961 -1.252402 0.033907 0.125211 -1.252396 
0.033907 0.125211 -1.252396 0.049814 0.120247 -1.252397 0.083195 0.102175 -1.252405 
0.083195 0.102175 -1.252405 0.107176 0.072750 -1.252423 0.122317 0.044081 -1.252442 
0.122317 0.044081 -1.252442 0.128484 0.001390 -1.252473 0.125910 -0.023625 -1.252491 
0.125910 -0.023625 -1.252491 0.118505 -0.047657 -1.252511 0.114526 -0.055152 -1.252516 
0.114526 -0.055152 -1.252516 0.083242 -0.096554 -1.252552 0.048780 -0.116776 -1.252572 
0.048780 -0.116776 -1.252572 0.014521 -0.126084 -1.252584 -0.025366 -0.123752 -1.252588 
-0.025366 -0.123752 -1.252588 -0.049398 -0.116348 -1.252586 -0.056894 -0.112368 -1.252584 
-0.056894 -0.112368 -1.252584 -0.098295 -0.081084 -1.252568 -0.122574 -0.037067 -1.252539 
-0.122574 -0.037067 -1.252539 -0.118089 0.051556 -1.252473 -0.090101 0.093050 -1.252438 
-0.090101 0.093050 -1.252438 -0.048364 0.120675 -1.252411 0.033907 0.125211 -1.252396 
0.033907 0.125211 -1.252396 0.083195 0.102175 -1.252405 0.122317 0.044081 -1.252442 
0.122317 0.044081 -1.252442 0.125910 -0.023625 -1.252491 0.114526 -0.055152 -1.252516 
0.114526 -0.055152 -1.252516 0.048780 -0.116776 -1.252572 -0.025366 -0.123752 -1.252588 
-0.025366 -0.123752 -1.252588 -0.056894 -0.112368 -1.252584 -0.122574 -0.037067 -1.252539 
-0.122574 -0.037067 -1.252539 -0.090101 0.093050 -1.252438 0.033907 0.125211 -1.252396 
0.033907 0.125211 -1.252396 0.122317 0.044081 -1.252442 0.114526 -0.055152 -1.252516 
0.114526 -0.055152 -1.252516 -0.025366 -0.123752 -1.252588 -0.122574 -0.037067 -1.252539 
0.033907 0.125211 -1.252396 0.114526 -0.055152 -1.252516 -0.122574 -0.037067 -1.252539 
0.109368 -0.091254 1.759587 0.107946 -0.090289 -1.488776 0.130555 -0.052520 -1.488744 
0.130555 -0.052520 -1.488744 0.130544 -0.055118 1.759413 0.109368 -0.091254 1.759587 
-0.107269 -0.118602 0.450465 -0.109565 -0.115680 -0.250818 -0.455856 -0.466543 -0.138539 
-0.455856 -0.466543 -0.138539 -0.452634 -0.469903 0.013860 -0.107269 -0.118602 0.450465 
0.122777 0.103560 1.472479 0.107925 0.118425 1.472488 0.096456 0.109834 1.472002 
0.096456 0.109834 1.472002 0.112742 0.093534 1.472470 0.122777 0.103560 1.472479 
-0.048364 0.120675 -1.252411 -0.070593 0.108918 -1.252423 -0.079285 0.103479 -1.488661 
-0.079285 0.103479 -1.488661 -0.034443 0.126198 -1.488638 -0.048364 0.120675 -1.252411 
-0.139461 -0.027334 1.759393 -0.042251 0.007942 2.017662 -0.087148 0.017290 1.911712 
-0.087148 0.017290 1.911712 -0.141930 0.014477 1.759627 -0.139461 -0.027334 1.759393 
0.067606 0.124980 1.759741 0.014507 0.141412 1.759745 0.017486 0.085341 1.917371 
-0.090000 0.110344 1.759705 -0.125501 0.067574 1.759668 -0.077984 0.041793 1.913390 
-0.077984 0.041793 1.913390 -0.028331 0.034378 2.013064 -0.090000 0.110344 1.759705 
-0.098295 -0.081084 -1.252568 -0.056894 -0.112368 -1.252584 -0.062962 -0.110137 -1.488816 
-0.062962 -0.110137 -1.488816 -0.101110 -0.077406 -1.488798 -0.098295 -0.081084 -1.252568 
-0.045356 0.008761 2.009684 -0.015855 0.002686 2.059102 -0.011215 0.010949 2.059149 
-0.011215 0.010949 2.059149 -0.028331 0.034378 2.013064 -0.077984 0.041793 1.913390 
-0.011215 0.010949 2.059149 -0.077984 0.041793 1.913390 -0.045356 0.008761 2.009684 
0.109368 -0.091254 1.759587 0.077448 -0.042567 1.913352 0.043912 -0.009600 2.013474 
0.043912 -0.009600 2.013474 0.024523 -0.038241 2.011199 0.047797 -0.073568 1.917257 
0.043912 -0.009600 2.013474 0.047797 -0.073568 1.917257 0.109368 -0.091254 1.759587 
0.013278 0.008051 2.059375 0.015135 -0.003624 2.059206 0.043417 -0.009307 2.012338 
0.043417 -0.009307 2.012338 0.043159 0.012408 2.010350 0.013278 0.008051 2.059375 
-0.025398 0.084394 1.913426 -0.040834 0.136272 1.759733 -0.090000 0.110344 1.759705 
-0.090000 0.110344 1.759705 -0.028331 0.034378 2.013064 -0.025398 0.084394 1.913426 
0.043159 0.012408 2.010350 0.028415 0.033845 2.013072 0.013278 0.008051 2.059375 
0.000144 0.015534 2.059377 0.013278 0.008051 2.059375 0.028415 0.033845 2.013072 
0.000144 0.015534 2.059377 -0.011215 0.010949 2.059149 -0.000291 -0.000504 2.071646 
-0.011215 0.010949 2.059149 -0.015855 0.002686 2.059102 -0.000291 -0.000504 2.071646 
0.013278 0.008051 2.059375 0.000144 0.015534 2.059377 -0.000291 -0.000504 2.071646 
0.015135 -0.003624 2.059206 0.013278 0.008051 2.059375 -0.000291 -0.000504 2.071646 
0.054888 0.132435 -1.488619 0.092657 0.109826 -1.488630 0.118076 0.080115 -1.488648 
0.118076 0.080115 -1.488648 0.136918 0.040336 -1.488675 0.139576 -0.026218 -1.488724 
0.139576 -0.026218 -1.488724 0.125945 -0.023451 -1.488724 0.128701 0.011944 -1.488697 
0.139576 -0.026218 -1.488724 0.128701 0.011944 -1.488697 0.115165 0.060352 -1.488663 
0.017240 0.143018 -1.488617 0.054888 0.132435 -1.488619 0.118076 0.080115 -1.488648 
-0.063894 0.128719 -1.488640 -0.026718 0.140832 -1.488625 0.017240 0.143018 -1.488617 
-0.123419 0.071747 -1.488691 -0.099237 0.102476 -1.488665 -0.063894 0.128719 -1.488640 
-0.125458 0.027698 -1.488724 -0.138224 0.030295 -1.488724 -0.123419 0.071747 -1.488691 
-0.112018 0.065330 -1.488694 -0.125458 0.027698 -1.488724 -0.123419 0.071747 -1.488691 
0.118076 0.080115 -1.488648 0.139576 -0.026218 -1.488724 0.115165 0.060352 -1.488663 
0.118076 0.080115 -1.488648 0.115165 0.060352 -1.488663 0.084135 0.099898 -1.488639 
-0.112018 0.065330 -1.488694 -0.123419 0.071747 -1.488691 -0.063894 0.128719 -1.488640 
-0.079285 0.103479 -1.488661 -0.112018 0.065330 -1.488694 -0.063894 0.128719 -1.488640 
0.017240 0.143018 -1.488617 0.118076 0.080115 -1.488648 0.084135 0.099898 -1.488639 
0.017240 0.143018 -1.488617 0.084135 0.099898 -1.488639 0.049850 0.120421 -1.488629 
-0.034443 0.126198 -1.488638 -0.079285 0.103479 -1.488661 -0.063894 0.128719 -1.488640 
0.017240 0.143018 -1.488617 0.049850 0.120421 -1.488629 0.015677 0.130027 -1.488627 
0.015677 0.130027 -1.488627 -0.034443 0.126198 -1.488638 -0.063894 0.128719 -1.488640 
0.015677 0.130027 -1.488627 -0.063894 0.128719 -1.488640 0.017240 0.143018 -1.488617 
-0.099410 -0.118435 1.472282 -0.114262 -0.103571 1.472291 -0.124297 -0.113597 1.472282 
-0.124297 -0.113597 1.472282 -0.109445 -0.128462 1.472273 -0.099410 -0.118435 1.472282 
-0.025366 -0.123752 -1.252588 0.014521 -0.126084 -1.252584 0.034931 -0.121950 -1.488810 
0.034931 -0.121950 -1.488810 -0.015189 -0.125781 -1.488820 -0.025366 -0.123752 -1.252588 
0.000821 0.159676 -0.742622 0.012205 0.143075 -0.893521 0.017240 0.143018 -1.488617 
0.017240 0.143018 -1.488617 -0.026718 0.140832 -1.488625 -0.040834 0.136272 1.759733 
-0.040834 0.136272 1.759733 0.014507 0.141412 1.759745 0.000821 0.159676 -0.742622 
0.000821 0.159676 -0.742622 0.017240 0.143018 -1.488617 -0.040834 0.136272 1.759733 
0.015677 0.130027 -1.488627 0.049850 0.120421 -1.488629 0.033907 0.125211 -1.252396 
-0.025398 0.084394 1.913426 -0.028331 0.034378 2.013064 -0.011215 0.010949 2.059149 
-0.011215 0.010949 2.059149 0.000144 0.015534 2.059377 0.000082 0.044736 2.011257 
-0.011215 0.010949 2.059149 0.000082 0.044736 2.011257 -0.025398 0.084394 1.913426 
0.114526 -0.055152 -1.252516 0.125910 -0.023625 -1.252491 0.127665 -0.023895 -1.488724 
0.127665 -0.023895 -1.488724 0.098018 -0.081767 -1.488771 0.114526 -0.055152 -1.252516 
0.067606 0.124980 1.759741 0.065394 0.127702 -0.893524 0.054888 0.132435 -1.488619 
0.054888 0.132435 -1.488619 0.017240 0.143018 -1.488617 0.012205 0.143075 -0.893521 
0.012205 0.143075 -0.893521 0.014507 0.141412 1.759745 0.067606 0.124980 1.759741 
0.054888 0.132435 -1.488619 0.012205 0.143075 -0.893521 0.067606 0.124980 1.759741 
0.122317 0.044081 -1.252442 0.107177 0.072750 -1.252423 0.115165 0.060352 -1.488663 
-0.000646 -0.045656 2.011188 0.000834 -0.016551 2.059604 -0.021902 -0.040274 2.010303 
-0.021902 -0.040274 2.010303 -0.026477 -0.084839 1.913301 -0.000646 -0.045656 2.011188 
-0.070593 0.108918 -1.252423 -0.090101 0.093050 -1.252438 -0.079285 0.103479 -1.488661 
-0.000558 -0.156530 -0.742857 -0.011895 -0.139706 -0.893735 -0.016758 -0.138770 -1.488830 
-0.016758 -0.138770 -1.488830 0.038455 -0.134551 -1.488819 0.040344 -0.136820 1.759544 
0.040344 -0.136820 1.759544 -0.014995 -0.141959 1.759531 -0.000558 -0.156530 -0.742857 
-0.000558 -0.156530 -0.742857 -0.016758 -0.138770 -1.488830 0.040344 -0.136820 1.759544 
0.111315 -0.142927 1.426385 0.137094 -0.117171 1.426407 0.122684 -0.113703 1.472319 
0.122684 -0.113703 1.472319 0.107819 -0.128555 1.472306 0.111315 -0.142927 1.426385 
0.084381 -0.017605 1.919181 0.043912 -0.009600 2.013474 0.077448 -0.042567 1.913352 
0.077448 -0.042567 1.913352 0.130544 -0.055118 1.759413 0.141441 -0.015024 1.759647 
0.084381 -0.017605 1.919181 0.077448 -0.042567 1.913352 0.141441 -0.015024 1.759647 
-0.138316 0.108598 -0.463582 -0.112538 0.134354 -0.463559 -0.093565 0.115365 -0.463571 
-0.093565 0.115365 -0.463571 -0.119344 0.089609 -0.463593 -0.138316 0.108598 -0.463582 
0.451839 -0.469439 0.013996 0.457481 -0.463840 0.077060 0.463142 -0.458146 0.014006 
0.463142 -0.458146 0.014006 0.459917 -0.461279 -0.138398 0.455110 -0.466082 -0.138402 
0.463142 -0.458146 0.014006 0.455110 -0.466082 -0.138402 0.451839 -0.469439 0.013996 
-0.108340 -0.089778 -0.893713 -0.126350 -0.062017 -1.488790 -0.100109 -0.097356 -1.488812 
-0.135084 -0.041295 -0.893680 -0.141259 -0.008688 -1.488752 -0.126350 -0.062017 -1.488790 
0.125910 -0.023625 -1.252492 0.128484 0.001390 -1.252473 0.128701 0.011944 -1.488697 
0.128701 0.011944 -1.488697 0.125945 -0.023451 -1.488724 0.125910 -0.023625 -1.252492 
-0.065084 -0.124333 -0.893733 -0.091227 -0.109884 1.759543 -0.108340 -0.089778 -0.893713 
-0.108340 -0.089778 -0.893713 -0.100109 -0.097356 -1.488812 -0.069383 -0.121538 -1.488825 
-0.108340 -0.089778 -0.893713 -0.069383 -0.121538 -1.488825 -0.065084 -0.124333 -0.893733 
0.000821 0.159676 -0.742622 0.014507 0.141412 1.759745 0.012205 0.143075 -0.893521 
-0.055088 -0.131062 1.759329 -0.091227 -0.109884 1.759543 -0.065084 -0.124333 -0.893733 
-0.065084 -0.124333 -0.893733 -0.061009 -0.144231 -0.742856 -0.055088 -0.131062 1.759329 
0.107177 0.072750 -1.252423 0.083195 0.102175 -1.252405 0.084135 0.099898 -1.488639 
0.084135 0.099898 -1.488639 0.115165 0.060352 -1.488663 0.107177 0.072750 -1.252423 
-0.126247 -0.066724 1.759569 -0.139461 -0.027334 1.759393 -0.135084 -0.041295 -0.893680 
0.040344 -0.136820 1.759544 0.038455 -0.134551 -1.488819 0.078235 -0.115708 -1.488799 
0.078235 -0.115708 -1.488799 0.078032 -0.118537 1.759358 0.040344 -0.136820 1.759544 
0.125757 0.066181 1.759705 0.146464 0.061439 -0.742674 0.124410 0.070219 -0.893559 
-0.154799 0.033095 -0.742737 -0.138313 0.029856 -0.893406 -0.138224 0.030296 -1.488724 
-0.138224 0.030296 -1.488724 -0.141259 -0.008688 -1.488752 -0.157971 0.002264 -0.742759 
-0.138224 0.030296 -1.488724 -0.157971 0.002264 -0.742759 -0.154799 0.033095 -0.742737 
0.088543 0.132648 -0.742629 0.067606 0.124980 1.759741 0.100475 0.099571 1.759523 
0.092657 0.109826 -1.488630 0.054888 0.132435 -1.488619 0.065394 0.127702 -0.893524 
0.088543 0.132648 -0.742629 0.100475 0.099571 1.759523 0.092657 0.109826 -1.488630 
0.092657 0.109826 -1.488630 0.065394 0.127702 -0.893524 0.088543 0.132648 -0.742629 
-0.093565 0.115365 -0.463571 -0.093849 0.113970 1.426543 -0.099313 0.108484 1.472450 
-0.099313 0.108484 1.472450 -0.114177 0.093632 1.472436 -0.119627 0.088213 1.426520 
-0.119627 0.088213 1.426520 -0.119344 0.089609 -0.463593 -0.093565 0.115365 -0.463571 
-0.099313 0.108484 1.472450 -0.119627 0.088213 1.426520 -0.093565 0.115365 -0.463571 
0.113039 0.094997 -0.509484 0.098187 0.109862 -0.509475 0.108222 0.119888 -0.509466 
0.108222 0.119888 -0.509466 0.123074 0.105023 -0.509475 0.113039 0.094997 -0.509484 
-0.154799 0.033095 -0.742737 -0.145673 0.062714 -0.742714 -0.123419 0.071747 -1.488691 
-0.123419 0.071747 -1.488691 -0.138224 0.030295 -1.488724 -0.138313 0.029856 -0.893406 
-0.123419 0.071747 -1.488691 -0.138313 0.029856 -0.893406 -0.154799 0.033095 -0.742737 
-0.455856 -0.466543 -0.138539 -0.460659 -0.461736 -0.138536 -0.463927 -0.458601 0.013867 
-0.463927 -0.458601 0.013867 -0.458290 -0.464299 0.076922 -0.452634 -0.469903 0.013860 
-0.463927 -0.458601 0.013867 -0.452634 -0.469903 0.013860 -0.455856 -0.466543 -0.138539 
-0.112821 0.132959 1.426553 -0.138600 0.107202 1.426531 -0.124204 0.103667 1.472442 
-0.124204 0.103667 1.472442 -0.109338 0.118518 1.472455 -0.112821 0.132959 1.426553 
0.122981 -0.112240 -0.509635 0.108116 -0.127092 -0.509648 0.098090 -0.117057 -0.509642 
0.098090 -0.117057 -0.509642 0.112954 -0.102205 -0.509629 0.122981 -0.112240 -0.509635 
-0.090101 0.093050 -1.252438 -0.114111 0.059047 -1.252467 -0.112018 0.065330 -1.488694 
-0.112018 0.065330 -1.488694 -0.079285 0.103479 -1.488661 -0.090101 0.093050 -1.252438 
-0.038062 -0.025267 2.011200 -0.126247 -0.066724 1.759569 -0.091227 -0.109884 1.759543 
-0.091227 -0.109884 1.759543 -0.056798 -0.068384 1.913308 -0.038062 -0.025267 2.011200 
-0.145673 0.062714 -0.742714 -0.130943 0.089984 -0.742694 -0.110714 0.090256 -0.893579 
-0.110714 0.090256 -0.893579 -0.123419 0.071747 -1.488691 -0.145673 0.062714 -0.742714 
0.115165 0.060352 -1.488663 0.128701 0.011944 -1.488697 0.128484 0.001390 -1.252473 
0.128484 0.001390 -1.252473 0.122317 0.044081 -1.252442 0.115165 0.060352 -1.488663 
-0.055088 -0.131062 1.759329 -0.014995 -0.141959 1.759531 -0.026477 -0.084839 1.913301 
0.043417 -0.009307 2.012338 0.084381 -0.017605 1.919181 0.141441 -0.015024 1.759647 
0.141441 -0.015024 1.759647 0.138972 0.026787 1.759475 0.084512 0.024741 1.913400 
0.084512 0.024741 1.913400 0.043159 0.012408 2.010350 0.043417 -0.009307 2.012338 
0.141441 -0.015024 1.759647 0.084512 0.024741 1.913400 0.043417 -0.009307 2.012338 
0.048780 -0.116776 -1.252572 0.083242 -0.096554 -1.252552 0.071044 -0.104844 -1.488792 
0.071044 -0.104844 -1.488792 0.034931 -0.121950 -1.488810 0.048780 -0.116776 -1.252572 
0.040344 -0.136820 1.759544 0.078032 -0.118537 1.759358 0.047797 -0.073568 1.917257 
0.109368 -0.091254 1.759587 0.130544 -0.055118 1.759413 0.077448 -0.042567 1.913352 
-0.056894 -0.112368 -1.252584 -0.025366 -0.123752 -1.252588 -0.015189 -0.125781 -1.488820 
-0.015189 -0.125781 -1.488820 -0.062962 -0.110137 -1.488816 -0.056894 -0.112368 -1.252584 
-0.014995 -0.141959 1.759531 0.040344 -0.136820 1.759544 0.007837 -0.088441 1.913302 
0.078032 -0.118537 1.759358 0.109368 -0.091254 1.759587 0.047797 -0.073568 1.917257 
-0.317628 -0.319676 -0.689149 -0.056186 -0.057911 -0.635325 -0.053702 -0.060443 -0.581366 
-0.053702 -0.060443 -0.581366 -0.315438 -0.321941 -0.604170 -0.317628 -0.319676 -0.689149 
-0.023798 0.127961 -1.252402 -0.048364 0.120675 -1.252411 -0.034443 0.126198 -1.488638 
-0.021902 -0.040274 2.010303 -0.056798 -0.068384 1.913308 -0.091227 -0.109884 1.759543 
-0.091227 -0.109884 1.759543 -0.055088 -0.131062 1.759329 -0.026477 -0.084839 1.913301 
-0.091227 -0.109884 1.759543 -0.026477 -0.084839 1.913301 -0.021902 -0.040274 2.010303 
0.062123 0.061028 1.917363 0.028415 0.033845 2.013072 0.043159 0.012408 2.010350 
0.043159 0.012408 2.010350 0.084512 0.024741 1.913400 0.125757 0.066181 1.759705 
0.125757 0.066181 1.759705 0.100475 0.099571 1.759523 0.062123 0.061028 1.917363 
0.043159 0.012408 2.010350 0.125757 0.066181 1.759705 0.062123 0.061028 1.917363 
0.015542 -0.003800 2.059973 0.000834 -0.016551 2.059604 0.024523 -0.038241 2.011199 
0.000082 0.044736 2.011257 0.000144 0.015534 2.059377 0.028415 0.033845 2.013072 
0.028415 0.033845 2.013072 0.017486 0.085341 1.917371 0.000082 0.044736 2.011257 
0.024523 -0.038241 2.011199 0.043912 -0.009600 2.013474 0.015542 -0.003800 2.059973 
0.000834 -0.016551 2.059604 -0.013858 -0.009038 2.059357 -0.021902 -0.040274 2.010303 
0.000834 -0.016551 2.059604 0.015542 -0.003800 2.059973 -0.000291 -0.000504 2.071646 
-0.015713 0.002633 2.059206 -0.013858 -0.009038 2.059357 -0.000291 -0.000504 2.071646 
-0.013858 -0.009038 2.059357 0.000834 -0.016551 2.059604 -0.000291 -0.000504 2.071646 
0.118484 0.089506 -0.463558 0.113039 0.094997 -0.509484 0.123074 0.105023 -0.509475 
0.123074 0.105023 -0.509475 0.137473 0.108479 -0.463541 0.118484 0.089506 -0.463558 
0.092626 -0.122543 -0.463718 0.118404 -0.096787 -0.463695 0.137377 -0.115776 -0.463706 
0.137377 -0.115776 -0.463706 0.111598 -0.141532 -0.463729 0.092626 -0.122543 -0.463718 
0.118201 0.088111 1.426556 0.118484 0.089506 -0.463558 0.137473 0.108479 -0.463541 
0.137473 0.108479 -0.463541 0.137190 0.107084 1.426573 0.118201 0.088111 1.426556 
-0.099015 0.109947 -0.509504 -0.113880 0.095095 -0.509517 -0.123906 0.105130 -0.509512 
-0.123906 0.105130 -0.509512 -0.109042 0.119982 -0.509498 -0.099015 0.109947 -0.509504 
0.127665 -0.023895 -1.488724 0.139576 -0.026218 -1.488724 0.130555 -0.052520 -1.488744 
0.130555 -0.052520 -1.488744 0.107946 -0.090289 -1.488776 0.078235 -0.115708 -1.488799 
0.078235 -0.115708 -1.488799 0.038455 -0.134551 -1.488819 -0.016758 -0.138770 -1.488830 
-0.016758 -0.138770 -1.488830 -0.069383 -0.121538 -1.488825 -0.100109 -0.097356 -1.488812 
-0.100109 -0.097356 -1.488812 -0.126350 -0.062017 -1.488790 -0.141259 -0.008688 -1.488752 
-0.141259 -0.008688 -1.488752 -0.138224 0.030296 -1.488724 -0.125458 0.027698 -1.488724 
-0.141259 -0.008688 -1.488752 -0.125458 0.027698 -1.488724 -0.128213 -0.007690 -1.488751 
0.098018 -0.081767 -1.488771 0.127665 -0.023895 -1.488724 0.130555 -0.052520 -1.488744 
0.098018 -0.081767 -1.488771 0.130555 -0.052520 -1.488744 0.078235 -0.115708 -1.488799 
-0.141259 -0.008688 -1.488752 -0.128213 -0.007690 -1.488751 -0.118482 -0.046448 -1.488778 
-0.141259 -0.008688 -1.488752 -0.118482 -0.046448 -1.488778 -0.101110 -0.077406 -1.488798 
0.071044 -0.104844 -1.488792 0.098018 -0.081767 -1.488771 0.078235 -0.115708 -1.488799 
0.034931 -0.121950 -1.488810 0.071044 -0.104844 -1.488792 0.078235 -0.115708 -1.488799 
-0.100109 -0.097356 -1.488812 -0.141259 -0.008688 -1.488752 -0.101110 -0.077406 -1.488798 
-0.100109 -0.097356 -1.488812 -0.101110 -0.077406 -1.488798 -0.062962 -0.110137 -1.488816 
0.034931 -0.121950 -1.488810 0.078235 -0.115708 -1.488799 -0.016758 -0.138770 -1.488830 
-0.015189 -0.125781 -1.488820 0.034931 -0.121950 -1.488810 -0.016758 -0.138770 -1.488830 
-0.016758 -0.138770 -1.488830 -0.100109 -0.097356 -1.488812 -0.062962 -0.110137 -1.488816 
-0.016758 -0.138770 -1.488830 -0.062962 -0.110137 -1.488816 -0.015189 -0.125781 -1.488820 
0.092342 -0.123938 1.426396 0.092626 -0.122543 -0.463718 0.111598 -0.141532 -0.463729 
0.111598 -0.141532 -0.463729 0.111315 -0.142927 1.426385 0.092342 -0.123938 1.426396 
-0.093565 0.115365 -0.463571 -0.099015 0.109947 -0.509504 -0.109042 0.119982 -0.509498 
-0.109042 0.119982 -0.509498 -0.112538 0.134354 -0.463559 -0.093565 0.115365 -0.463571 
-0.042251 0.007942 2.017662 -0.139461 -0.027334 1.759393 -0.126247 -0.066724 1.759569 
-0.126247 -0.066724 1.759569 -0.038062 -0.025267 2.011200 -0.013858 -0.009038 2.059357 
-0.013858 -0.009038 2.059357 -0.015713 0.002633 2.059206 -0.042251 0.007942 2.017662 
-0.126247 -0.066724 1.759569 -0.013858 -0.009038 2.059357 -0.042251 0.007942 2.017662 
-0.128213 -0.007690 -1.488751 -0.125458 0.027698 -1.488724 -0.128208 0.018619 -1.252499 
-0.114111 0.059047 -1.252467 -0.128208 0.018619 -1.252499 -0.125458 0.027698 -1.488724 
-0.125458 0.027698 -1.488724 -0.112018 0.065330 -1.488694 -0.114111 0.059047 -1.252467 
0.098018 -0.081767 -1.488771 0.071044 -0.104844 -1.488792 0.083242 -0.096554 -1.252552 
-0.128208 0.018619 -1.252499 -0.122574 -0.037067 -1.252539 -0.128213 -0.007690 -1.488751 
0.014521 -0.126084 -1.252584 0.048780 -0.116776 -1.252572 0.034931 -0.121950 -1.488810 
0.083242 -0.096554 -1.252552 0.114526 -0.055152 -1.252516 0.098018 -0.081767 -1.488771 
-0.118482 -0.046448 -1.488778 -0.128213 -0.007690 -1.488751 -0.122574 -0.037067 -1.252539 
-0.119424 -0.096684 -0.463731 -0.093668 -0.122463 -0.463746 -0.112657 -0.141436 -0.463763 
-0.112657 -0.141436 -0.463763 -0.138413 -0.115657 -0.463748 -0.119424 -0.096684 -0.463731 
-0.112657 -0.141436 -0.463763 -0.112940 -0.142831 1.426351 -0.138696 -0.117052 1.426366 
-0.138696 -0.117052 1.426366 -0.138413 -0.115657 -0.463748 -0.112657 -0.141436 -0.463763 
0.097793 -0.118520 1.472311 0.092342 -0.123938 1.426396 0.111315 -0.142927 1.426385 
0.111315 -0.142927 1.426385 0.107819 -0.128555 1.472306 0.097793 -0.118520 1.472311 
-0.114177 0.093632 1.472436 -0.099313 0.108484 1.472450 -0.109338 0.118518 1.472455 
-0.109338 0.118518 1.472455 -0.124204 0.103667 1.472442 -0.114177 0.093632 1.472436 
-0.099410 -0.118435 1.472282 -0.093951 -0.123858 1.426367 -0.093668 -0.122463 -0.463746 
-0.093668 -0.122463 -0.463746 -0.119424 -0.096684 -0.463731 -0.119707 -0.098080 1.426383 
-0.119707 -0.098080 1.426383 -0.114262 -0.103571 1.472291 -0.099410 -0.118435 1.472282 
-0.093668 -0.122463 -0.463746 -0.119707 -0.098080 1.426383 -0.099410 -0.118435 1.472282 
-0.112657 -0.141436 -0.463763 -0.138413 -0.115657 -0.463748 -0.124000 -0.112134 -0.509672 
-0.124000 -0.112134 -0.509672 -0.109148 -0.126998 -0.509681 -0.112657 -0.141436 -0.463763 
-0.119707 -0.098080 1.426383 -0.119424 -0.096684 -0.463731 -0.138413 -0.115657 -0.463748 
-0.138413 -0.115657 -0.463748 -0.138696 -0.117052 1.426366 -0.119707 -0.098080 1.426383 
0.098187 0.109862 -0.509475 0.092728 0.115285 -0.463543 0.111717 0.134258 -0.463526 
0.111717 0.134258 -0.463526 0.108222 0.119888 -0.509466 0.098187 0.109862 -0.509475 
0.111717 0.134258 -0.463526 0.137473 0.108479 -0.463541 0.118484 0.089506 -0.463558 
0.118484 0.089506 -0.463558 0.092728 0.115285 -0.463543 0.111717 0.134258 -0.463526 
0.017486 0.085341 1.917371 0.028415 0.033845 2.013072 0.062123 0.061028 1.917363 
0.062123 0.061028 1.917363 0.067606 0.124980 1.759741 0.017486 0.085341 1.917371 
0.111434 0.132862 1.426588 0.111717 0.134258 -0.463526 0.092728 0.115285 -0.463543 
0.092728 0.115285 -0.463543 0.096456 0.109834 1.472002 0.111434 0.132862 1.426588 
-0.145672 0.062714 -0.742714 -0.154799 0.033095 -0.742737 -0.155146 0.031389 1.567857 
-0.155146 0.031389 1.567857 -0.146020 0.061009 1.567880 -0.145883 0.061667 0.675220 
-0.155146 0.031389 1.567857 -0.145883 0.061667 0.675220 -0.145672 0.062714 -0.742714 
0.107925 0.118425 1.472488 0.111434 0.132862 1.426588 0.096456 0.109834 1.472002 
0.092728 0.115285 -0.463543 0.118484 0.089506 -0.463558 0.118201 0.088111 1.426556 
0.118201 0.088111 1.426556 0.112742 0.093534 1.472470 0.096456 0.109834 1.472002 
0.118201 0.088111 1.426556 0.096456 0.109834 1.472002 0.092728 0.115285 -0.463543 
-0.109148 -0.126998 -0.509681 -0.124000 -0.112134 -0.509672 -0.113965 -0.102107 -0.509663 
-0.113965 -0.102107 -0.509663 -0.099113 -0.116972 -0.509672 -0.109148 -0.126998 -0.509681 
0.137190 0.107084 1.426573 0.111434 0.132862 1.426588 0.107925 0.118425 1.472488 
0.107925 0.118425 1.472488 0.122777 0.103560 1.472479 0.137190 0.107084 1.426573 
-0.109565 -0.115680 -0.250818 -0.107269 -0.118602 0.450465 -0.112072 -0.113795 0.450468 
0.111717 0.134258 -0.463526 0.137473 0.108479 -0.463541 0.123074 0.105023 -0.509475 
0.123074 0.105023 -0.509475 0.108222 0.119888 -0.509466 0.111717 0.134258 -0.463526 
-0.119424 -0.096684 -0.463731 -0.093668 -0.122463 -0.463746 -0.099113 -0.116972 -0.509672 
-0.099113 -0.116972 -0.509672 -0.113965 -0.102107 -0.509663 -0.119424 -0.096684 -0.463731 
0.092626 -0.122543 -0.463718 0.098090 -0.117057 -0.509642 0.108116 -0.127092 -0.509648 
0.108116 -0.127092 -0.509648 0.111598 -0.141532 -0.463729 0.092626 -0.122543 -0.463718 
-0.099313 0.108484 1.472450 -0.093849 0.113970 1.426543 -0.112821 0.132959 1.426553 
-0.112821 0.132959 1.426553 -0.109338 0.118518 1.472455 -0.099313 0.108484 1.472450 
-0.119627 0.088213 1.426520 -0.114177 0.093632 1.472436 -0.124204 0.103667 1.472442 
-0.124204 0.103667 1.472442 -0.138600 0.107202 1.426531 -0.119627 0.088213 1.426520 
-0.093668 -0.122463 -0.463746 -0.093951 -0.123858 1.426367 -0.112940 -0.142831 1.426351 
-0.112940 -0.142831 1.426351 -0.112657 -0.141436 -0.463763 -0.093668 -0.122463 -0.463746 
0.118404 -0.096787 -0.463695 0.092626 -0.122543 -0.463718 0.092342 -0.123938 1.426396 
0.092342 -0.123938 1.426396 0.097793 -0.118520 1.472311 0.112657 -0.103668 1.472325 
0.112657 -0.103668 1.472325 0.118121 -0.098182 1.426419 0.118404 -0.096787 -0.463695 
0.092342 -0.123938 1.426396 0.112657 -0.103668 1.472325 0.118404 -0.096787 -0.463695 
0.112742 0.093534 1.472470 0.118201 0.088111 1.426556 0.137190 0.107084 1.426573 
0.137190 0.107084 1.426573 0.122777 0.103560 1.472479 0.112742 0.093534 1.472470 
0.137377 -0.115776 -0.463706 0.137094 -0.117171 1.426407 0.111315 -0.142927 1.426385 
0.111315 -0.142927 1.426385 0.111598 -0.141532 -0.463729 0.137377 -0.115776 -0.463706 
-0.119424 -0.096684 -0.463731 -0.113965 -0.102107 -0.509663 -0.124000 -0.112134 -0.509672 
-0.124000 -0.112134 -0.509672 -0.138413 -0.115657 -0.463748 -0.119424 -0.096684 -0.463731 
0.137377 -0.115776 -0.463706 0.111598 -0.141532 -0.463729 0.108116 -0.127092 -0.509648 
0.108116 -0.127092 -0.509648 0.122981 -0.112240 -0.509635 0.137377 -0.115776 -0.463706 
0.112954 -0.102205 -0.509629 0.098090 -0.117057 -0.509642 0.092626 -0.122543 -0.463718 
0.092626 -0.122543 -0.463718 0.118404 -0.096787 -0.463695 0.112954 -0.102205 -0.509629 
-0.093951 -0.123858 1.426367 -0.099410 -0.118435 1.472282 -0.109445 -0.128462 1.472273 
-0.109445 -0.128462 1.472273 -0.112940 -0.142831 1.426351 -0.093951 -0.123858 1.426367 
0.118404 -0.096787 -0.463695 0.118121 -0.098182 1.426419 0.137094 -0.117171 1.426407 
0.137094 -0.117171 1.426407 0.137377 -0.115776 -0.463706 0.118404 -0.096787 -0.463695 
-0.119344 0.089609 -0.463593 -0.119627 0.088213 1.426520 -0.138600 0.107202 1.426531 
-0.138600 0.107202 1.426531 -0.138316 0.108598 -0.463582 -0.119344 0.089609 -0.463593 
-0.099113 -0.116972 -0.509672 -0.093668 -0.122463 -0.463746 -0.112657 -0.141436 -0.463763 
-0.112657 -0.141436 -0.463763 -0.109148 -0.126998 -0.509681 -0.099113 -0.116972 -0.509672 
0.112954 -0.102205 -0.509629 0.118404 -0.096787 -0.463695 0.137377 -0.115776 -0.463706 
0.137377 -0.115776 -0.463706 0.122981 -0.112240 -0.509635 0.112954 -0.102205 -0.509629 
-0.109445 -0.128462 1.472273 -0.124297 -0.113597 1.472282 -0.138696 -0.117052 1.426366 
-0.138696 -0.117052 1.426366 -0.112940 -0.142831 1.426351 -0.109445 -0.128462 1.472273 
-0.113880 0.095095 -0.509517 -0.119344 0.089609 -0.463593 -0.138316 0.108598 -0.463582 
-0.138316 0.108598 -0.463582 -0.123906 0.105130 -0.509512 -0.113880 0.095095 -0.509517 
0.130544 -0.055118 1.759413 0.130555 -0.052520 -1.488744 0.139576 -0.026218 -1.488724 
0.155062 -0.029948 -0.742737 0.158235 0.000883 -0.742714 0.157886 -0.000822 1.567891 
0.130544 -0.055118 1.759413 0.139576 -0.026218 -1.488724 0.155062 -0.029948 -0.742737 
0.157886 -0.000822 1.567891 0.141441 -0.015024 1.759647 0.130544 -0.055118 1.759413 
0.155062 -0.029948 -0.742737 0.157886 -0.000822 1.567891 0.130544 -0.055118 1.759413 
-0.138316 0.108598 -0.463582 -0.138600 0.107202 1.426531 -0.112821 0.132959 1.426553 
-0.112821 0.132959 1.426553 -0.112538 0.134354 -0.463559 -0.138316 0.108598 -0.463582 
0.118121 -0.098182 1.426419 0.112657 -0.103668 1.472325 0.122684 -0.113703 1.472319 
0.122684 -0.113703 1.472319 0.137094 -0.117171 1.426407 0.118121 -0.098182 1.426419 
0.109154 -0.114921 -0.250784 0.111453 -0.113038 0.450502 0.106646 -0.117841 0.450498 
-0.113880 0.095095 -0.509517 -0.099015 0.109947 -0.509504 -0.093565 0.115365 -0.463571 
-0.093565 0.115365 -0.463571 -0.119344 0.089609 -0.463593 -0.113880 0.095095 -0.509517 
-0.138316 0.108598 -0.463582 -0.112538 0.134354 -0.463559 -0.109042 0.119982 -0.509498 
-0.109042 0.119982 -0.509498 -0.123906 0.105130 -0.509512 -0.138316 0.108598 -0.463582 
0.451385 0.457629 0.014681 0.457022 0.451931 0.077737 0.105889 0.105684 0.450663 
-0.453089 0.457165 0.014544 -0.456314 0.454033 -0.137860 -0.110324 0.103039 -0.250656 
-0.110324 0.103039 -0.250656 -0.108026 0.104923 0.450630 -0.453089 0.457165 0.014544 
0.105889 0.105684 0.450663 0.108395 0.103799 -0.250623 0.454653 0.454494 -0.137723 
0.454653 0.454494 -0.137723 0.451385 0.457629 0.014681 0.105889 0.105684 0.450663 
0.110692 0.100877 0.450660 0.457022 0.451931 0.077737 0.462678 0.446327 0.014674 
0.454653 0.454494 -0.137723 0.459455 0.449687 -0.137725 0.462678 0.446327 0.014674 
0.462678 0.446327 0.014674 0.457022 0.451931 0.077737 0.451385 0.457629 0.014681 
0.462678 0.446327 0.014674 0.451385 0.457629 0.014681 0.454653 0.454494 -0.137723 
0.108395 0.103799 -0.250623 0.459455 0.449687 -0.137725 0.454653 0.454494 -0.137723 
0.457022 0.451931 0.077737 0.110692 0.100877 0.450660 0.105889 0.105684 0.450663 
0.110692 0.100877 0.450660 0.108395 0.103799 -0.250623 0.105889 0.105684 0.450663 
-0.452634 -0.469903 0.013860 -0.458290 -0.464299 0.076922 -0.107269 -0.118602 0.450465 
0.451839 -0.469439 0.013996 0.455110 -0.466082 -0.138402 0.109154 -0.114921 -0.250784 
0.109154 -0.114921 -0.250784 0.106646 -0.117841 0.450498 0.451839 -0.469439 0.013996 
0.462678 0.446327 0.014674 0.459455 0.449687 -0.137725 0.108395 0.103799 -0.250623 
0.108395 0.103799 -0.250623 0.110692 0.100877 0.450660 0.462678 0.446327 0.014674 
-0.112072 -0.113795 0.450468 -0.458290 -0.464299 0.076922 -0.463927 -0.458601 0.013867 
-0.109565 -0.115680 -0.250818 -0.460659 -0.461736 -0.138536 -0.455856 -0.466543 -0.138539 
-0.458290 -0.464299 0.076922 -0.112072 -0.113795 0.450468 -0.107269 -0.118602 0.450465 
-0.464391 0.445872 0.014534 -0.458750 0.451472 0.077599 -0.112833 0.100120 0.450626 
-0.463927 -0.458601 0.013867 -0.460659 -0.461736 -0.138536 -0.109565 -0.115680 -0.250818 
-0.109565 -0.115680 -0.250818 -0.112072 -0.113795 0.450468 -0.463927 -0.458601 0.013867 
-0.108026 0.104923 0.450630 -0.458750 0.451472 0.077599 -0.453089 0.457165 0.014544 
-0.453089 0.457165 0.014544 -0.458750 0.451472 0.077599 -0.464391 0.445872 0.014534 
-0.464391 0.445872 0.014534 -0.461121 0.449230 -0.137864 -0.456314 0.454033 -0.137860 
-0.464391 0.445872 0.014534 -0.456314 0.454033 -0.137860 -0.453089 0.457165 0.014544 
-0.110324 0.103039 -0.250656 -0.456314 0.454033 -0.137860 -0.461121 0.449230 -0.137864 
-0.458750 0.451472 0.077599 -0.108026 0.104923 0.450630 -0.112833 0.100120 0.450626 
-0.110324 0.103039 -0.250656 -0.112833 0.100120 0.450626 -0.108026 0.104923 0.450630 
0.463142 -0.458146 0.014006 0.457481 -0.463840 0.077060 0.111453 -0.113038 0.450502 
-0.112833 0.100120 0.450626 -0.110324 0.103039 -0.250656 -0.461121 0.449230 -0.137864 
-0.461121 0.449230 -0.137864 -0.464391 0.445872 0.014534 -0.112833 0.100120 0.450626 
0.109154 -0.114921 -0.250784 0.459917 -0.461279 -0.138398 0.463142 -0.458146 0.014006 
0.463142 -0.458146 0.014006 0.111453 -0.113038 0.450502 0.109154 -0.114921 -0.250784 
0.106646 -0.117841 0.450498 0.457481 -0.463840 0.077060 0.451839 -0.469439 0.013996 
0.137473 0.108479 -0.463541 0.111717 0.134258 -0.463526 0.111434 0.132862 1.426588 
0.111434 0.132862 1.426588 0.137190 0.107084 1.426573 0.137473 0.108479 -0.463541 
0.109154 -0.114921 -0.250784 0.455110 -0.466082 -0.138402 0.459917 -0.461279 -0.138398 
0.457481 -0.463840 0.077060 0.106646 -0.117841 0.450498 0.111453 -0.113038 0.450502 
0.098187 0.109862 -0.509475 0.113039 0.094997 -0.509484 0.118484 0.089506 -0.463558 
0.118484 0.089506 -0.463558 0.092728 0.115285 -0.463543 0.098187 0.109862 -0.509475 
-0.317628 -0.319676 -0.689149 -0.052497 -0.061555 -0.689200 -0.056186 -0.057911 -0.635325 
-0.315438 -0.321941 -0.604170 -0.313227 -0.324082 -0.689293 -0.317628 -0.319676 -0.689149 
-0.052497 -0.061555 -0.689200 -0.317628 -0.319676 -0.689149 -0.313227 -0.324082 -0.689293 
-0.355006 0.352751 -1.431179 -0.093209 0.091261 -1.377741 -0.095710 0.088729 -1.323782 
-0.095710 0.088729 -1.323782 -0.357221 0.350485 -1.346200 -0.355006 0.352751 -1.431179 
0.354328 -0.360858 -1.431598 0.093826 -0.098107 -1.431725 0.094999 -0.096995 -1.323890 
0.094999 -0.096995 -1.323890 0.356517 -0.358718 -1.346616 0.354328 -0.360858 -1.431598 
-0.053702 -0.060443 -0.581366 -0.056186 -0.057911 -0.635325 -0.052497 -0.061555 -0.689200 
-0.098307 0.085730 -0.635226 -0.094616 0.089452 -0.689094 -0.359524 0.347801 -0.688804 
-0.357333 0.349937 -0.603680 -0.359524 0.347801 -0.688804 -0.355118 0.352203 -0.688658 
-0.094616 0.089452 -0.689094 -0.355118 0.352203 -0.688658 -0.359524 0.347801 -0.688804 
0.358734 -0.356456 -1.431735 0.356517 -0.358718 -1.346616 0.094999 -0.096995 -1.323890 
0.094999 -0.096995 -1.323890 0.097502 -0.094465 -1.377849 0.358734 -0.356456 -1.431735 
-0.095821 0.088181 -0.581263 -0.094616 0.089452 -0.689094 -0.098307 0.085730 -0.635226 
0.354216 -0.361406 -0.689079 0.096096 -0.096275 -0.689203 0.092403 -0.099996 -0.635334 
0.356406 -0.359266 -0.604096 0.358623 -0.357004 -0.689216 0.354216 -0.361406 -0.689079 
0.096096 -0.096275 -0.689203 0.354216 -0.361406 -0.689079 0.358623 -0.357004 -0.689216 
-0.359524 0.347801 -0.688804 -0.357333 0.349937 -0.603680 -0.095821 0.088181 -0.581263 
-0.095821 0.088181 -0.581263 -0.098307 0.085730 -0.635226 -0.359524 0.347801 -0.688804 
-0.313227 -0.324082 -0.689293 -0.315438 -0.321941 -0.604170 -0.053702 -0.060443 -0.581366 
-0.053702 -0.060443 -0.581366 -0.052497 -0.061555 -0.689200 -0.313227 -0.324082 -0.689293 
0.094888 -0.097543 -0.581371 0.092403 -0.099996 -0.635334 0.096096 -0.096275 -0.689203 
0.097502 -0.094465 -1.377849 0.093826 -0.098107 -1.431725 0.358734 -0.356456 -1.431735 
0.356517 -0.358718 -1.346616 0.358734 -0.356456 -1.431735 0.354328 -0.360858 -1.431598 
0.093826 -0.098107 -1.431725 0.354328 -0.360858 -1.431598 0.358734 -0.356456 -1.431735 
0.369563 0.363263 -0.688542 0.106811 0.102761 -0.689054 0.105604 0.103871 -0.581221 
0.105604 0.103871 -0.581221 0.367347 0.365402 -0.603560 0.369563 0.363263 -0.688542 
0.365161 0.367669 -0.688680 0.367347 0.365402 -0.603560 0.105604 0.103871 -0.581221 
0.105604 0.103871 -0.581221 0.103122 0.106405 -0.635180 0.365161 0.367669 -0.688680 
0.094999 -0.096995 -1.323890 0.093826 -0.098107 -1.431725 0.097502 -0.094465 -1.377849 
-0.355006 0.352751 -1.431179 -0.096886 0.087620 -1.431616 -0.093209 0.091261 -1.377741 
-0.357221 0.350485 -1.346200 -0.359413 0.348349 -1.431323 -0.355006 0.352751 -1.431179 
-0.096886 0.087620 -1.431616 -0.355006 0.352751 -1.431179 -0.359413 0.348349 -1.431323 
-0.317517 -0.319128 -1.431669 -0.056075 -0.057362 -1.377845 -0.053591 -0.059895 -1.323885 
-0.053591 -0.059895 -1.323885 -0.315327 -0.321393 -1.346689 -0.317517 -0.319128 -1.431669 
0.358623 -0.357004 -0.689216 0.356406 -0.359266 -0.604096 0.094888 -0.097543 -0.581371 
0.094888 -0.097543 -0.581371 0.096096 -0.096275 -0.689203 0.358623 -0.357004 -0.689216 
-0.095710 0.088729 -1.323782 -0.093209 0.091261 -1.377741 -0.096886 0.087620 -1.431616 
0.103122 0.106405 -0.635180 0.106811 0.102761 -0.689054 0.365161 0.367669 -0.688680 
0.367347 0.365402 -0.603560 0.365161 0.367669 -0.688680 0.369563 0.363263 -0.688542 
0.106811 0.102761 -0.689054 0.369563 0.363263 -0.688542 0.365161 0.367669 -0.688680 
-0.355118 0.352203 -0.688658 -0.094616 0.089452 -0.689094 -0.095821 0.088181 -0.581263 
-0.095821 0.088181 -0.581263 -0.357333 0.349937 -0.603680 -0.355118 0.352203 -0.688658 
0.105604 0.103871 -0.581221 0.106811 0.102761 -0.689054 0.103122 0.106405 -0.635180 
0.358352 0.352499 -1.431072 0.093221 0.094379 -1.431582 0.096894 0.090654 -1.377713 
0.356136 0.354638 -1.346090 0.353951 0.356905 -1.431210 0.358352 0.352499 -1.431072 
0.093221 0.094379 -1.431582 0.358352 0.352499 -1.431072 0.353951 0.356905 -1.431210 
0.354216 -0.361406 -0.689079 0.092403 -0.099996 -0.635334 0.094888 -0.097543 -0.581371 
0.094888 -0.097543 -0.581371 0.356406 -0.359266 -0.604096 0.354216 -0.361406 -0.689079 
-0.313115 -0.323534 -1.431812 -0.315327 -0.321393 -1.346689 -0.053591 -0.059895 -1.323885 
-0.053591 -0.059895 -1.323885 -0.052385 -0.061007 -1.431719 -0.313115 -0.323534 -1.431812 
0.094393 0.093107 -1.323751 0.096894 0.090654 -1.377713 0.093221 0.094379 -1.431582 
-0.317517 -0.319128 -1.431669 -0.052385 -0.061007 -1.431719 -0.056075 -0.057362 -1.377845 
-0.315327 -0.321393 -1.346689 -0.313115 -0.323534 -1.431812 -0.317517 -0.319128 -1.431669 
-0.052385 -0.061007 -1.431719 -0.317517 -0.319128 -1.431669 -0.313115 -0.323534 -1.431812 
0.358352 0.352499 -1.431072 0.096894 0.090654 -1.377713 0.094393 0.093107 -1.323751 
0.094393 0.093107 -1.323751 0.356136 0.354638 -1.346090 0.358352 0.352499 -1.431072 
-0.359413 0.348349 -1.431323 -0.357221 0.350485 -1.346200 -0.095710 0.088729 -1.323782 
-0.095710 0.088729 -1.323782 -0.096886 0.087620 -1.431616 -0.359413 0.348349 -1.431323 
-0.053591 -0.059895 -1.323885 -0.056075 -0.057362 -1.377845 -0.052385 -0.061007 -1.431719 
0.155331 0.031741 -0.742689 0.136918 0.040336 -1.488675 0.118076 0.080115 -1.488648 
0.118076 0.080115 -1.488648 0.124410 0.070219 -0.893559 0.146464 0.061439 -0.742674 
0.146464 0.061439 -0.742674 0.125757 0.066181 1.759705 0.138972 0.026787 1.759475 
0.138972 0.026787 1.759475 0.141441 -0.015024 1.759647 0.157886 -0.000822 1.567891 
0.157886 -0.000822 1.567891 0.158234 0.000883 -0.742714 0.155331 0.031741 -0.742689 
0.155331 0.031741 -0.742689 0.118076 0.080115 -1.488648 0.146464 0.061439 -0.742674 
0.146464 0.061439 -0.742674 0.138972 0.026787 1.759475 0.157886 -0.000822 1.567891 
0.155331 0.031741 -0.742689 0.146464 0.061439 -0.742674 0.157886 -0.000822 1.567891 
