-1.240504 0.853182 0.856825 -1.096273 0.771237 1.096273 -1.000000 1.000000 1.000000 -1.096259 1.096259 0.771227 
0.853192 1.240516 0.856840 0.771232 1.096260 1.096272 1.000000 1.000000 1.000000 1.096259 1.096259 0.771227 
1.240504 -0.853182 0.856825 1.096273 -0.771237 1.096273 1.000000 -1.000000 1.000000 1.096259 -1.096259 0.771227 
-0.853192 -1.240516 0.856840 -0.771232 -1.096260 1.096272 -1.000000 -1.000000 1.000000 -1.096259 -1.096259 0.771227 
0.856813 -0.853170 -1.240494 1.096273 -0.771237 -1.096273 1.000000 -1.000000 -1.000000 0.771232 -1.096260 -1.096272 
-0.856813 -0.853170 1.240494 -1.096273 -0.771237 1.096273 -1.000000 -1.000000 1.000000 -0.771232 -1.096260 1.096272 
0.300370 -0.950889 1.416743 0.000000 -0.962675 1.440746 0.000000 -1.224745 1.224745 0.265531 -1.210582 1.210615 
0.336802 0.333747 1.663926 0.000000 0.337743 1.697950 0.000000 0.000000 1.732051 0.337735 -0.000000 1.697907 
-0.954131 0.296969 1.415736 -1.210590 0.265529 1.210590 -1.224745 0.000000 1.224745 -0.962765 -0.000000 1.440879 
-0.300370 -0.950889 -1.416743 0.000000 -0.962675 -1.440746 0.000000 -1.224745 -1.224745 -0.265531 -1.210582 -1.210615 
-0.336802 0.333747 -1.663926 0.000000 0.337743 -1.697950 0.000000 0.000000 -1.732051 -0.337735 -0.000000 -1.697907 
0.954131 0.296969 -1.415736 1.210590 0.265529 -1.210590 1.224745 0.000000 -1.224745 0.962765 -0.000000 -1.440879 
-0.950951 -1.416814 -0.300391 -0.962740 -1.440843 -0.000000 -1.224745 -1.224745 0.000000 -1.210607 -1.210607 -0.265533 
0.333747 -1.663926 -0.336802 0.337743 -1.697950 -0.000000 -0.000000 -1.732050 0.000000 0.000000 -1.697907 -0.337735 
0.296986 -1.415807 0.954196 0.265531 -1.210582 1.210615 0.000000 -1.224745 1.224745 0.000000 -1.440977 0.962830 
1.416814 -0.950951 -0.300391 1.440843 -0.962740 0.000000 1.224745 -1.224745 0.000000 1.210607 -1.210606 -0.265533 
1.663926 0.333747 -0.336802 1.697950 0.337743 0.000000 1.732051 0.000000 0.000000 1.697907 0.000000 -0.337735 
1.415736 0.296969 0.954131 1.210591 0.265529 1.210590 1.224745 0.000000 1.224745 1.440879 -0.000000 0.962765 
0.950951 1.416814 -0.300391 0.962740 1.440843 0.000000 1.224745 1.224745 0.000000 1.210606 1.210607 -0.265533 
-0.333747 1.663926 -0.336802 -0.337743 1.697950 0.000000 0.000000 1.732051 0.000000 0.000000 1.697907 -0.337735 
-0.296986 1.415807 0.954196 -0.265531 1.210582 1.210615 0.000000 1.224745 1.224745 0.000000 1.440977 0.962830 
-1.416814 0.950951 -0.300391 -1.440843 0.962740 0.000000 -1.224745 1.224745 0.000000 -1.210607 1.210606 -0.265533 
-1.663926 -0.333747 -0.336802 -1.697950 -0.337743 0.000000 -1.732051 0.000000 0.000000 -1.697907 -0.000000 -0.337735 
-1.415736 -0.296969 0.954131 -1.210590 -0.265529 1.210590 -1.224745 0.000000 1.224745 -1.440879 -0.000000 0.962765 
-1.663926 -0.333747 0.336802 -1.568308 -0.318268 0.660448 -1.600206 0.000000 0.662827 -1.697907 -0.000000 0.337735 
-1.416814 -0.950951 0.300391 -1.349289 -0.912529 0.590941 -1.484126 -0.625957 0.636826 -1.569039 -0.655264 0.323941 
-1.240504 -0.853182 0.856825 -1.096273 -0.771237 1.096273 -1.167207 -0.524648 1.167207 -1.348656 -0.585181 0.917641 
-1.415737 -0.296969 -0.954131 -1.568307 -0.318268 -0.660448 -1.600206 0.000000 -0.662827 -1.440880 -0.000000 -0.962765 
-1.240504 -0.853182 -0.856826 -1.349289 -0.912529 -0.590941 -1.484126 -0.625957 -0.636826 -1.348656 -0.585181 -0.917641 
-1.416814 -0.950951 -0.300391 -1.440843 -0.962740 0.000000 -1.600206 -0.662827 0.000000 -1.569039 -0.655264 -0.323941 
-1.240504 0.853182 -0.856826 -1.349289 0.912529 -0.590941 -1.167207 1.167207 -0.524648 -1.096259 1.096259 -0.771227 
-1.415737 0.296969 -0.954131 -1.568307 0.318268 -0.660448 -1.484125 0.625957 -0.636826 -1.348656 0.585181 -0.917641 
-1.663926 0.333747 -0.336802 -1.697950 0.337743 0.000000 -1.600206 0.662827 -0.000000 -1.569039 0.655264 -0.323941 
-0.333747 1.663926 0.336802 -0.318268 1.568307 0.660448 0.000000 1.600206 0.662827 0.000000 1.697907 0.337735 
-0.950951 1.416814 0.300391 -0.912529 1.349289 0.590941 -0.625957 1.484126 0.636826 -0.655264 1.569039 0.323941 
-0.853192 1.240516 0.856840 -0.771232 1.096260 1.096272 -0.524648 1.167207 1.167207 -0.585206 1.348701 0.917672 
-0.296986 1.415807 -0.954196 -0.318268 1.568307 -0.660448 0.000000 1.600206 -0.662827 0.000000 1.440977 -0.962830 
-0.853192 1.240516 -0.856840 -0.912529 1.349289 -0.590941 -0.625957 1.484125 -0.636826 -0.585206 1.348701 -0.917672 
-0.950951 1.416814 -0.300391 -0.962740 1.440843 0.000000 -0.662827 1.600206 0.000000 -0.655264 1.569039 -0.323941 
0.853192 1.240516 -0.856840 0.912529 1.349289 -0.590941 1.167207 1.167207 -0.524648 1.096259 1.096259 -0.771227 
0.296986 1.415807 -0.954196 0.318268 1.568307 -0.660448 0.625957 1.484125 -0.636826 0.585206 1.348701 -0.917672 
0.333747 1.663926 -0.336802 0.337743 1.697950 0.000000 0.662827 1.600206 0.000000 0.655264 1.569039 -0.323941 
1.663926 0.333747 0.336802 1.568307 0.318268 0.660448 1.600206 0.000000 0.662827 1.697907 -0.000000 0.337735 
1.416814 0.950951 0.300391 1.349289 0.912529 0.590941 1.484126 0.625957 0.636826 1.569039 0.655264 0.323941 
1.240504 0.853182 0.856825 1.096273 0.771237 1.096273 1.167207 0.524648 1.167207 1.348656 0.585181 0.917641 
1.415737 0.296969 -0.954131 1.568307 0.318268 -0.660448 1.600206 0.000000 -0.662827 1.440880 -0.000000 -0.962765 
1.240504 0.853182 -0.856826 1.349289 0.912529 -0.590941 1.484125 0.625957 -0.636826 1.348656 0.585181 -0.917641 
1.416814 0.950951 -0.300391 1.440843 0.962740 0.000000 1.600206 0.662827 0.000000 1.569039 0.655264 -0.323941 
1.240504 -0.853182 -0.856825 1.349289 -0.912529 -0.590941 1.167207 -1.167207 -0.524648 1.096259 -1.096259 -0.771227 
1.415736 -0.296969 -0.954131 1.568307 -0.318268 -0.660448 1.484125 -0.625957 -0.636826 1.348656 -0.585181 -0.917641 
1.663926 -0.333747 -0.336802 1.697950 -0.337743 0.000000 1.600206 -0.662827 -0.000000 1.569039 -0.655264 -0.323941 
0.333747 -1.663926 0.336802 0.318268 -1.568307 0.660448 -0.000000 -1.600206 0.662827 0.000000 -1.697907 0.337735 
0.950951 -1.416814 0.300391 0.912529 -1.349289 0.590941 0.625957 -1.484126 0.636826 0.655264 -1.569039 0.323941 
0.853192 -1.240516 0.856840 0.771232 -1.096260 1.096272 0.524648 -1.167207 1.167207 0.585206 -1.348701 0.917672 
0.296986 -1.415807 -0.954196 0.318268 -1.568307 -0.660448 0.000000 -1.600206 -0.662827 0.000000 -1.440977 -0.962830 
0.853192 -1.240516 -0.856840 0.912529 -1.349289 -0.590941 0.625957 -1.484125 -0.636826 0.585206 -1.348701 -0.917672 
0.950951 -1.416814 -0.300391 0.962740 -1.440843 0.000000 0.662827 -1.600206 0.000000 0.655264 -1.569039 -0.323941 
-0.853192 -1.240516 -0.856840 -0.912529 -1.349289 -0.590941 -1.167207 -1.167207 -0.524648 -1.096259 -1.096259 -0.771227 
-0.296986 -1.415807 -0.954196 -0.318268 -1.568308 -0.660448 -0.625957 -1.484126 -0.636826 -0.585206 -1.348701 -0.917672 
-0.333747 -1.663926 -0.336802 -0.337743 -1.697950 -0.000000 -0.662827 -1.600206 0.000000 -0.655264 -1.569039 -0.323941 
0.336802 0.333747 -1.663926 0.660448 0.318268 -1.568308 0.662827 0.000000 -1.600206 0.337735 -0.000000 -1.697907 
0.300370 0.950889 -1.416743 0.590915 0.912497 -1.349244 0.636826 0.625957 -1.484126 0.323941 0.655264 -1.569039 
0.856812 0.853169 -1.240493 1.096273 0.771237 -1.096273 1.167207 0.524648 -1.167207 0.917641 0.585181 -1.348656 
-0.954131 0.296969 -1.415736 -0.660448 0.318268 -1.568308 -0.662827 0.000000 -1.600206 -0.962765 -0.000000 -1.440879 
-0.856813 0.853169 -1.240494 -0.590915 0.912497 -1.349244 -0.636826 0.625957 -1.484126 -0.917641 0.585181 -1.348656 
-0.300370 0.950889 -1.416743 0.000000 0.962675 -1.440746 0.000000 0.662827 -1.600206 -0.323941 0.655264 -1.569039 
-0.856813 -0.853169 -1.240494 -0.590915 -0.912497 -1.349244 -0.524648 -1.167207 -1.167207 -0.771232 -1.096260 -1.096272 
-0.954131 -0.296969 -1.415737 -0.660448 -0.318268 -1.568307 -0.636826 -0.625957 -1.484126 -0.917641 -0.585181 -1.348656 
-0.336802 -0.333747 -1.663926 0.000000 -0.337743 -1.697950 0.000000 -0.662827 -1.600206 -0.323941 -0.655264 -1.569039 
-0.336802 0.333747 1.663926 -0.660448 0.318268 1.568307 -0.662827 0.000000 1.600206 -0.337735 -0.000000 1.697907 
-0.300370 0.950889 1.416743 -0.590915 0.912497 1.349245 -0.636826 0.625957 1.484126 -0.323941 0.655264 1.569039 
-0.856813 0.853170 1.240494 -1.096273 0.771237 1.096273 -1.167207 0.524648 1.167207 -0.917641 0.585181 1.348656 
0.954131 0.296969 1.415736 0.660448 0.318268 1.568308 0.662827 0.000000 1.600206 0.962765 -0.000000 1.440879 
0.856813 0.853170 1.240494 0.590915 0.912497 1.349245 0.636826 0.625957 1.484126 0.917641 0.585181 1.348656 
0.300370 0.950889 1.416743 0.000000 0.962675 1.440746 0.000000 0.662827 1.600206 0.323941 0.655264 1.569039 
0.856813 -0.853169 1.240494 0.590915 -0.912497 1.349245 0.524648 -1.167207 1.167207 0.771232 -1.096260 1.096272 
0.954131 -0.296969 1.415736 0.660448 -0.318268 1.568307 0.636826 -0.625957 1.484126 0.917641 -0.585181 1.348656 
0.336802 -0.333747 1.663926 -0.000000 -0.337743 1.697950 0.000000 -0.662827 1.600206 0.323941 -0.655264 1.569039 
-0.300370 -0.950889 1.416743 -0.590915 -0.912497 1.349245 -0.524648 -1.167207 1.167207 -0.265531 -1.210582 1.210615 
-0.336802 -0.333747 1.663926 -0.660448 -0.318268 1.568307 -0.636826 -0.625957 1.484126 -0.323941 -0.655264 1.569039 
-0.954131 -0.296969 1.415736 -1.210590 -0.265529 1.210590 -1.167207 -0.524648 1.167207 -0.917641 -0.585181 1.348656 
0.300370 -0.950889 -1.416743 0.590915 -0.912497 -1.349244 0.524648 -1.167207 -1.167207 0.265531 -1.210582 -1.210615 
0.336802 -0.333747 -1.663926 0.660448 -0.318268 -1.568308 0.636826 -0.625957 -1.484126 0.323941 -0.655264 -1.569039 
0.954131 -0.296969 -1.415736 1.210591 -0.265529 -1.210590 1.167207 -0.524648 -1.167207 0.917641 -0.585181 -1.348656 
-0.950951 -1.416814 0.300391 -0.912529 -1.349289 0.590941 -1.167207 -1.167207 0.524648 -1.210607 -1.210606 0.265533 
-0.333747 -1.663926 0.336802 -0.318268 -1.568308 0.660448 -0.625957 -1.484126 0.636826 -0.655264 -1.569039 0.323941 
-0.296986 -1.415807 0.954196 -0.265531 -1.210582 1.210615 -0.524648 -1.167207 1.167207 -0.585207 -1.348701 0.917672 
1.416814 -0.950951 0.300391 1.349289 -0.912529 0.590941 1.167207 -1.167207 0.524648 1.210607 -1.210606 0.265533 
1.663926 -0.333747 0.336802 1.568307 -0.318268 0.660448 1.484126 -0.625957 0.636826 1.569039 -0.655264 0.323941 
1.415736 -0.296969 0.954131 1.210590 -0.265529 1.210590 1.167207 -0.524648 1.167207 1.348656 -0.585181 0.917641 
0.950951 1.416814 0.300391 0.912529 1.349289 0.590941 1.167207 1.167207 0.524648 1.210606 1.210607 0.265533 
0.333747 1.663926 0.336802 0.318268 1.568307 0.660448 0.625957 1.484126 0.636826 0.655264 1.569039 0.323941 
0.296986 1.415807 0.954196 0.265531 1.210582 1.210615 0.524648 1.167207 1.167207 0.585206 1.348701 0.917672 
-1.416814 0.950951 0.300391 -1.349289 0.912529 0.590941 -1.167207 1.167207 0.524648 -1.210607 1.210606 0.265533 
-1.663926 0.333747 0.336802 -1.568307 0.318268 0.660448 -1.484126 0.625957 0.636826 -1.569039 0.655264 0.323941 
-1.415736 0.296969 0.954131 -1.210590 0.265529 1.210590 -1.167207 0.524648 1.167207 -1.348656 0.585181 0.917641 
-1.568307 0.318268 0.660448 -1.415736 0.296969 0.954131 -1.348656 0.585181 0.917641 -1.484126 0.625957 0.636826 
-1.600206 0.000000 0.662827 -1.440879 -0.000000 0.962765 -1.415736 0.296969 0.954131 -1.568307 0.318268 0.660448 
-1.440879 -0.000000 0.962765 -1.224745 0.000000 1.224745 -1.210590 0.265529 1.210590 -1.415736 0.296969 0.954131 
-1.697950 0.337743 0.000000 -1.663926 0.333747 0.336802 -1.569039 0.655264 0.323941 -1.600206 0.662827 -0.000000 
-1.732051 0.000000 0.000000 -1.697907 -0.000000 0.337735 -1.663926 0.333747 0.336802 -1.697950 0.337743 0.000000 
-1.697907 -0.000000 0.337735 -1.600206 0.000000 0.662827 -1.568307 0.318268 0.660448 -1.663926 0.333747 0.336802 
-1.440843 0.962740 0.000000 -1.416814 0.950951 0.300391 -1.210607 1.210606 0.265533 -1.224745 1.224745 0.000000 
-1.600206 0.662827 -0.000000 -1.569039 0.655264 0.323941 -1.416814 0.950951 0.300391 -1.440843 0.962740 0.000000 
-1.569039 0.655264 0.323941 -1.484126 0.625957 0.636826 -1.349289 0.912529 0.590941 -1.416814 0.950951 0.300391 
0.318268 1.568307 0.660448 0.296986 1.415807 0.954196 0.585206 1.348701 0.917672 0.625957 1.484126 0.636826 
0.000000 1.600206 0.662827 0.000000 1.440977 0.962830 0.296986 1.415807 0.954196 0.318268 1.568307 0.660448 
0.000000 1.440977 0.962830 0.000000 1.224745 1.224745 0.265531 1.210582 1.210615 0.296986 1.415807 0.954196 
0.337743 1.697950 0.000000 0.333747 1.663926 0.336802 0.655264 1.569039 0.323941 0.662827 1.600206 0.000000 
0.000000 1.732051 0.000000 0.000000 1.697907 0.337735 0.333747 1.663926 0.336802 0.337743 1.697950 0.000000 
0.000000 1.697907 0.337735 0.000000 1.600206 0.662827 0.318268 1.568307 0.660448 0.333747 1.663926 0.336802 
0.962740 1.440843 0.000000 0.950951 1.416814 0.300391 1.210606 1.210607 0.265533 1.224745 1.224745 0.000000 
0.662827 1.600206 0.000000 0.655264 1.569039 0.323941 0.950951 1.416814 0.300391 0.962740 1.440843 0.000000 
0.655264 1.569039 0.323941 0.625957 1.484126 0.636826 0.912529 1.349289 0.590941 0.950951 1.416814 0.300391 
1.568307 -0.318268 0.660448 1.415736 -0.296969 0.954131 1.348656 -0.585181 0.917641 1.484126 -0.625957 0.636826 
1.600206 0.000000 0.662827 1.440879 -0.000000 0.962765 1.415736 -0.296969 0.954131 1.568307 -0.318268 0.660448 
1.440879 -0.000000 0.962765 1.224745 0.000000 1.224745 1.210590 -0.265529 1.210590 1.415736 -0.296969 0.954131 
1.697950 -0.337743 0.000000 1.663926 -0.333747 0.336802 1.569039 -0.655264 0.323941 1.600206 -0.662827 -0.000000 
1.732051 0.000000 0.000000 1.697907 -0.000000 0.337735 1.663926 -0.333747 0.336802 1.697950 -0.337743 0.000000 
1.697907 -0.000000 0.337735 1.600206 0.000000 0.662827 1.568307 -0.318268 0.660448 1.663926 -0.333747 0.336802 
1.440843 -0.962740 0.000000 1.416814 -0.950951 0.300391 1.210607 -1.210606 0.265533 1.224745 -1.224745 0.000000 
1.600206 -0.662827 -0.000000 1.569039 -0.655264 0.323941 1.416814 -0.950951 0.300391 1.440843 -0.962740 0.000000 
1.569039 -0.655264 0.323941 1.484126 -0.625957 0.636826 1.349289 -0.912529 0.590941 1.416814 -0.950951 0.300391 
-0.318268 -1.568308 0.660448 -0.296986 -1.415807 0.954196 -0.585207 -1.348701 0.917672 -0.625957 -1.484126 0.636826 
-0.000000 -1.600206 0.662827 0.000000 -1.440977 0.962830 -0.296986 -1.415807 0.954196 -0.318268 -1.568308 0.660448 
0.000000 -1.440977 0.962830 0.000000 -1.224745 1.224745 -0.265531 -1.210582 1.210615 -0.296986 -1.415807 0.954196 
-0.337743 -1.697950 -0.000000 -0.333747 -1.663926 0.336802 -0.655264 -1.569039 0.323941 -0.662827 -1.600206 0.000000 
-0.000000 -1.732050 0.000000 0.000000 -1.697907 0.337735 -0.333747 -1.663926 0.336802 -0.337743 -1.697950 -0.000000 
0.000000 -1.697907 0.337735 -0.000000 -1.600206 0.662827 -0.318268 -1.568308 0.660448 -0.333747 -1.663926 0.336802 
-0.962740 -1.440843 -0.000000 -0.950951 -1.416814 0.300391 -1.210607 -1.210606 0.265533 -1.224745 -1.224745 0.000000 
-0.662827 -1.600206 0.000000 -0.655264 -1.569039 0.323941 -0.950951 -1.416814 0.300391 -0.962740 -1.440843 -0.000000 
-0.655264 -1.569039 0.323941 -0.625957 -1.484126 0.636826 -0.912529 -1.349289 0.590941 -0.950951 -1.416814 0.300391 
0.660448 -0.318268 -1.568308 0.954131 -0.296969 -1.415736 0.917641 -0.585181 -1.348656 0.636826 -0.625957 -1.484126 
0.662827 0.000000 -1.600206 0.962765 -0.000000 -1.440879 0.954131 -0.296969 -1.415736 0.660448 -0.318268 -1.568308 
0.962765 -0.000000 -1.440879 1.224745 0.000000 -1.224745 1.210591 -0.265529 -1.210590 0.954131 -0.296969 -1.415736 
0.000000 -0.337743 -1.697950 0.336802 -0.333747 -1.663926 0.323941 -0.655264 -1.569039 0.000000 -0.662827 -1.600206 
0.000000 0.000000 -1.732051 0.337735 -0.000000 -1.697907 0.336802 -0.333747 -1.663926 0.000000 -0.337743 -1.697950 
0.337735 -0.000000 -1.697907 0.662827 0.000000 -1.600206 0.660448 -0.318268 -1.568308 0.336802 -0.333747 -1.663926 
0.000000 -0.962675 -1.440746 0.300370 -0.950889 -1.416743 0.265531 -1.210582 -1.210615 0.000000 -1.224745 -1.224745 
0.000000 -0.662827 -1.600206 0.323941 -0.655264 -1.569039 0.300370 -0.950889 -1.416743 0.000000 -0.962675 -1.440746 
0.323941 -0.655264 -1.569039 0.636826 -0.625957 -1.484126 0.590915 -0.912497 -1.349244 0.300370 -0.950889 -1.416743 
-0.660448 -0.318268 1.568307 -0.954131 -0.296969 1.415736 -0.917641 -0.585181 1.348656 -0.636826 -0.625957 1.484126 
-0.662827 0.000000 1.600206 -0.962765 -0.000000 1.440879 -0.954131 -0.296969 1.415736 -0.660448 -0.318268 1.568307 
-0.962765 -0.000000 1.440879 -1.224745 0.000000 1.224745 -1.210590 -0.265529 1.210590 -0.954131 -0.296969 1.415736 
-0.000000 -0.337743 1.697950 -0.336802 -0.333747 1.663926 -0.323941 -0.655264 1.569039 0.000000 -0.662827 1.600206 
0.000000 0.000000 1.732051 -0.337735 -0.000000 1.697907 -0.336802 -0.333747 1.663926 -0.000000 -0.337743 1.697950 
-0.337735 -0.000000 1.697907 -0.662827 0.000000 1.600206 -0.660448 -0.318268 1.568307 -0.336802 -0.333747 1.663926 
0.000000 -0.962675 1.440746 -0.300370 -0.950889 1.416743 -0.265531 -1.210582 1.210615 0.000000 -1.224745 1.224745 
0.000000 -0.662827 1.600206 -0.323941 -0.655264 1.569039 -0.300370 -0.950889 1.416743 0.000000 -0.962675 1.440746 
-0.323941 -0.655264 1.569039 -0.636826 -0.625957 1.484126 -0.590915 -0.912497 1.349245 -0.300370 -0.950889 1.416743 
0.660448 -0.318268 1.568307 0.336802 -0.333747 1.663926 0.323941 -0.655264 1.569039 0.636826 -0.625957 1.484126 
0.662827 0.000000 1.600206 0.337735 -0.000000 1.697907 0.336802 -0.333747 1.663926 0.660448 -0.318268 1.568307 
0.337735 -0.000000 1.697907 0.000000 0.000000 1.732051 -0.000000 -0.337743 1.697950 0.336802 -0.333747 1.663926 
1.210590 -0.265529 1.210590 0.954131 -0.296969 1.415736 0.917641 -0.585181 1.348656 1.167207 -0.524648 1.167207 
1.224745 0.000000 1.224745 0.962765 -0.000000 1.440879 0.954131 -0.296969 1.415736 1.210590 -0.265529 1.210590 
0.962765 -0.000000 1.440879 0.662827 0.000000 1.600206 0.660448 -0.318268 1.568307 0.954131 -0.296969 1.415736 
1.096273 -0.771237 1.096273 0.856813 -0.853169 1.240494 0.771232 -1.096260 1.096272 1.000000 -1.000000 1.000000 
1.167207 -0.524648 1.167207 0.917641 -0.585181 1.348656 0.856813 -0.853169 1.240494 1.096273 -0.771237 1.096273 
0.917641 -0.585181 1.348656 0.636826 -0.625957 1.484126 0.590915 -0.912497 1.349245 0.856813 -0.853169 1.240494 
0.590915 0.912497 1.349245 0.300370 0.950889 1.416743 0.323941 0.655264 1.569039 0.636826 0.625957 1.484126 
0.524648 1.167207 1.167207 0.265531 1.210582 1.210615 0.300370 0.950889 1.416743 0.590915 0.912497 1.349245 
0.265531 1.210582 1.210615 0.000000 1.224745 1.224745 0.000000 0.962675 1.440746 0.300370 0.950889 1.416743 
1.096273 0.771237 1.096273 0.856813 0.853170 1.240494 0.917641 0.585181 1.348656 1.167207 0.524648 1.167207 
1.000000 1.000000 1.000000 0.771232 1.096260 1.096272 0.856813 0.853170 1.240494 1.096273 0.771237 1.096273 
0.771232 1.096260 1.096272 0.524648 1.167207 1.167207 0.590915 0.912497 1.349245 0.856813 0.853170 1.240494 
1.210591 0.265529 1.210590 0.954131 0.296969 1.415736 0.962765 -0.000000 1.440879 1.224745 0.000000 1.224745 
1.167207 0.524648 1.167207 0.917641 0.585181 1.348656 0.954131 0.296969 1.415736 1.210591 0.265529 1.210590 
0.917641 0.585181 1.348656 0.636826 0.625957 1.484126 0.660448 0.318268 1.568308 0.954131 0.296969 1.415736 
-0.590915 0.912497 1.349245 -0.856813 0.853170 1.240494 -0.917641 0.585181 1.348656 -0.636826 0.625957 1.484126 
-0.524648 1.167207 1.167207 -0.771232 1.096260 1.096272 -0.856813 0.853170 1.240494 -0.590915 0.912497 1.349245 
-0.771232 1.096260 1.096272 -1.000000 1.000000 1.000000 -1.096273 0.771237 1.096273 -0.856813 0.853170 1.240494 
0.000000 0.962675 1.440746 -0.300370 0.950889 1.416743 -0.323941 0.655264 1.569039 0.000000 0.662827 1.600206 
0.000000 1.224745 1.224745 -0.265531 1.210582 1.210615 -0.300370 0.950889 1.416743 0.000000 0.962675 1.440746 
-0.265531 1.210582 1.210615 -0.524648 1.167207 1.167207 -0.590915 0.912497 1.349245 -0.300370 0.950889 1.416743 
0.000000 0.337743 1.697950 -0.336802 0.333747 1.663926 -0.337735 -0.000000 1.697907 0.000000 0.000000 1.732051 
0.000000 0.662827 1.600206 -0.323941 0.655264 1.569039 -0.336802 0.333747 1.663926 0.000000 0.337743 1.697950 
-0.323941 0.655264 1.569039 -0.636826 0.625957 1.484126 -0.660448 0.318268 1.568307 -0.336802 0.333747 1.663926 
-0.660448 -0.318268 -1.568307 -0.336802 -0.333747 -1.663926 -0.323941 -0.655264 -1.569039 -0.636826 -0.625957 -1.484126 
-0.662827 0.000000 -1.600206 -0.337735 -0.000000 -1.697907 -0.336802 -0.333747 -1.663926 -0.660448 -0.318268 -1.568307 
-0.337735 -0.000000 -1.697907 0.000000 0.000000 -1.732051 0.000000 -0.337743 -1.697950 -0.336802 -0.333747 -1.663926 
-1.210591 -0.265529 -1.210590 -0.954131 -0.296969 -1.415737 -0.917641 -0.585181 -1.348656 -1.167207 -0.524648 -1.167207 
-1.224745 0.000000 -1.224745 -0.962765 -0.000000 -1.440879 -0.954131 -0.296969 -1.415737 -1.210591 -0.265529 -1.210590 
-0.962765 -0.000000 -1.440879 -0.662827 0.000000 -1.600206 -0.660448 -0.318268 -1.568307 -0.954131 -0.296969 -1.415737 
-0.771232 -1.096260 -1.096272 -1.000000 -1.000000 -1.000000 -1.096273 -0.771237 -1.096273 -0.856813 -0.853169 -1.240494 
-1.167207 -0.524648 -1.167207 -0.917641 -0.585181 -1.348656 -0.856813 -0.853169 -1.240494 -1.096273 -0.771237 -1.096273 
-0.917641 -0.585181 -1.348656 -0.636826 -0.625957 -1.484126 -0.590915 -0.912497 -1.349244 -0.856813 -0.853169 -1.240494 
-0.590915 0.912497 -1.349244 -0.300370 0.950889 -1.416743 -0.323941 0.655264 -1.569039 -0.636826 0.625957 -1.484126 
-0.524648 1.167207 -1.167207 -0.265531 1.210582 -1.210615 -0.300370 0.950889 -1.416743 -0.590915 0.912497 -1.349244 
-0.265531 1.210582 -1.210615 0.000000 1.224745 -1.224745 0.000000 0.962675 -1.440746 -0.300370 0.950889 -1.416743 
-1.096273 0.771237 -1.096273 -0.856813 0.853169 -1.240494 -0.917641 0.585181 -1.348656 -1.167207 0.524648 -1.167207 
-1.000000 1.000000 -1.000000 -0.771232 1.096260 -1.096272 -0.856813 0.853169 -1.240494 -1.096273 0.771237 -1.096273 
-0.771232 1.096260 -1.096272 -0.524648 1.167207 -1.167207 -0.590915 0.912497 -1.349244 -0.856813 0.853169 -1.240494 
-1.210590 0.265529 -1.210590 -0.954131 0.296969 -1.415736 -0.962765 -0.000000 -1.440879 -1.224745 0.000000 -1.224745 
-1.167207 0.524648 -1.167207 -0.917641 0.585181 -1.348656 -0.954131 0.296969 -1.415736 -1.210590 0.265529 -1.210590 
-0.917641 0.585181 -1.348656 -0.636826 0.625957 -1.484126 -0.660448 0.318268 -1.568308 -0.954131 0.296969 -1.415736 
0.590915 0.912497 -1.349244 0.856812 0.853169 -1.240493 0.917641 0.585181 -1.348656 0.636826 0.625957 -1.484126 
0.524648 1.167207 -1.167207 0.771232 1.096260 -1.096272 0.856812 0.853169 -1.240493 0.590915 0.912497 -1.349244 
0.771232 1.096260 -1.096272 1.000000 1.000000 -1.000000 1.096273 0.771237 -1.096273 0.856812 0.853169 -1.240493 
0.000000 0.962675 -1.440746 0.300370 0.950889 -1.416743 0.323941 0.655264 -1.569039 0.000000 0.662827 -1.600206 
0.000000 1.224745 -1.224745 0.265531 1.210582 -1.210615 0.300370 0.950889 -1.416743 0.000000 0.962675 -1.440746 
0.265531 1.210582 -1.210615 0.524648 1.167207 -1.167207 0.590915 0.912497 -1.349244 0.300370 0.950889 -1.416743 
0.000000 0.337743 -1.697950 0.336802 0.333747 -1.663926 0.337735 -0.000000 -1.697907 0.000000 0.000000 -1.732051 
0.000000 0.662827 -1.600206 0.323941 0.655264 -1.569039 0.336802 0.333747 -1.663926 0.000000 0.337743 -1.697950 
0.323941 0.655264 -1.569039 0.636826 0.625957 -1.484126 0.660448 0.318268 -1.568308 0.336802 0.333747 -1.663926 
-0.318268 -1.568308 -0.660448 -0.333747 -1.663926 -0.336802 -0.655264 -1.569039 -0.323941 -0.625957 -1.484126 -0.636826 
0.000000 -1.600206 -0.662827 0.000000 -1.697907 -0.337735 -0.333747 -1.663926 -0.336802 -0.318268 -1.568308 -0.660448 
0.000000 -1.697907 -0.337735 -0.000000 -1.732050 0.000000 -0.337743 -1.697950 -0.000000 -0.333747 -1.663926 -0.336802 
-0.265531 -1.210582 -1.210615 -0.296986 -1.415807 -0.954196 -0.585206 -1.348701 -0.917672 -0.524648 -1.167207 -1.167207 
0.000000 -1.224745 -1.224745 0.000000 -1.440977 -0.962830 -0.296986 -1.415807 -0.954196 -0.265531 -1.210582 -1.210615 
0.000000 -1.440977 -0.962830 0.000000 -1.600206 -0.662827 -0.318268 -1.568308 -0.660448 -0.296986 -1.415807 -0.954196 
-1.096259 -1.096259 -0.771227 -1.000000 -1.000000 -1.000000 -0.771232 -1.096260 -1.096272 -0.853192 -1.240516 -0.856840 
-0.524648 -1.167207 -1.167207 -0.585206 -1.348701 -0.917672 -0.853192 -1.240516 -0.856840 -0.771232 -1.096260 -1.096272 
-0.585206 -1.348701 -0.917672 -0.625957 -1.484126 -0.636826 -0.912529 -1.349289 -0.590941 -0.853192 -1.240516 -0.856840 
0.912529 -1.349289 -0.590941 0.950951 -1.416814 -0.300391 0.655264 -1.569039 -0.323941 0.625957 -1.484125 -0.636826 
1.167207 -1.167207 -0.524648 1.210607 -1.210606 -0.265533 0.950951 -1.416814 -0.300391 0.912529 -1.349289 -0.590941 
1.210607 -1.210606 -0.265533 1.224745 -1.224745 0.000000 0.962740 -1.440843 0.000000 0.950951 -1.416814 -0.300391 
0.771232 -1.096260 -1.096272 0.853192 -1.240516 -0.856840 0.585206 -1.348701 -0.917672 0.524648 -1.167207 -1.167207 
1.000000 -1.000000 -1.000000 1.096259 -1.096259 -0.771227 0.853192 -1.240516 -0.856840 0.771232 -1.096260 -1.096272 
1.096259 -1.096259 -0.771227 1.167207 -1.167207 -0.524648 0.912529 -1.349289 -0.590941 0.853192 -1.240516 -0.856840 
0.265531 -1.210582 -1.210615 0.296986 -1.415807 -0.954196 0.000000 -1.440977 -0.962830 0.000000 -1.224745 -1.224745 
0.524648 -1.167207 -1.167207 0.585206 -1.348701 -0.917672 0.296986 -1.415807 -0.954196 0.265531 -1.210582 -1.210615 
0.585206 -1.348701 -0.917672 0.625957 -1.484125 -0.636826 0.318268 -1.568307 -0.660448 0.296986 -1.415807 -0.954196 
0.912529 -1.349289 0.590941 0.853192 -1.240516 0.856840 0.585206 -1.348701 0.917672 0.625957 -1.484126 0.636826 
1.167207 -1.167207 0.524648 1.096259 -1.096259 0.771227 0.853192 -1.240516 0.856840 0.912529 -1.349289 0.590941 
1.096259 -1.096259 0.771227 1.000000 -1.000000 1.000000 0.771232 -1.096260 1.096272 0.853192 -1.240516 0.856840 
0.962740 -1.440843 0.000000 0.950951 -1.416814 0.300391 0.655264 -1.569039 0.323941 0.662827 -1.600206 0.000000 
1.224745 -1.224745 0.000000 1.210607 -1.210606 0.265533 0.950951 -1.416814 0.300391 0.962740 -1.440843 0.000000 
1.210607 -1.210606 0.265533 1.167207 -1.167207 0.524648 0.912529 -1.349289 0.590941 0.950951 -1.416814 0.300391 
0.337743 -1.697950 -0.000000 0.333747 -1.663926 0.336802 0.000000 -1.697907 0.337735 -0.000000 -1.732050 0.000000 
0.662827 -1.600206 0.000000 0.655264 -1.569039 0.323941 0.333747 -1.663926 0.336802 0.337743 -1.697950 -0.000000 
0.655264 -1.569039 0.323941 0.625957 -1.484126 0.636826 0.318268 -1.568307 0.660448 0.333747 -1.663926 0.336802 
1.568307 -0.318268 -0.660448 1.663926 -0.333747 -0.336802 1.569039 -0.655264 -0.323941 1.484125 -0.625957 -0.636826 
1.600206 0.000000 -0.662827 1.697907 0.000000 -0.337735 1.663926 -0.333747 -0.336802 1.568307 -0.318268 -0.660448 
1.697907 0.000000 -0.337735 1.732051 0.000000 0.000000 1.697950 -0.337743 0.000000 1.663926 -0.333747 -0.336802 
1.210591 -0.265529 -1.210590 1.415736 -0.296969 -0.954131 1.348656 -0.585181 -0.917641 1.167207 -0.524648 -1.167207 
1.224745 0.000000 -1.224745 1.440880 -0.000000 -0.962765 1.415736 -0.296969 -0.954131 1.210591 -0.265529 -1.210590 
1.440880 -0.000000 -0.962765 1.600206 0.000000 -0.662827 1.568307 -0.318268 -0.660448 1.415736 -0.296969 -0.954131 
1.096273 -0.771237 -1.096273 1.240504 -0.853182 -0.856825 1.096259 -1.096259 -0.771227 1.000000 -1.000000 -1.000000 
1.167207 -0.524648 -1.167207 1.348656 -0.585181 -0.917641 1.240504 -0.853182 -0.856825 1.096273 -0.771237 -1.096273 
1.348656 -0.585181 -0.917641 1.484125 -0.625957 -0.636826 1.349289 -0.912529 -0.590941 1.240504 -0.853182 -0.856825 
1.349289 0.912529 -0.590941 1.416814 0.950951 -0.300391 1.569039 0.655264 -0.323941 1.484125 0.625957 -0.636826 
1.167207 1.167207 -0.524648 1.210606 1.210607 -0.265533 1.416814 0.950951 -0.300391 1.349289 0.912529 -0.590941 
1.210606 1.210607 -0.265533 1.224745 1.224745 0.000000 1.440843 0.962740 0.000000 1.416814 0.950951 -0.300391 
1.096273 0.771237 -1.096273 1.240504 0.853182 -0.856826 1.348656 0.585181 -0.917641 1.167207 0.524648 -1.167207 
1.000000 1.000000 -1.000000 1.096259 1.096259 -0.771227 1.240504 0.853182 -0.856826 1.096273 0.771237 -1.096273 
1.096259 1.096259 -0.771227 1.167207 1.167207 -0.524648 1.349289 0.912529 -0.590941 1.240504 0.853182 -0.856826 
1.210590 0.265529 -1.210590 1.415737 0.296969 -0.954131 1.440880 -0.000000 -0.962765 1.224745 0.000000 -1.224745 
1.167207 0.524648 -1.167207 1.348656 0.585181 -0.917641 1.415737 0.296969 -0.954131 1.210590 0.265529 -1.210590 
1.348656 0.585181 -0.917641 1.484125 0.625957 -0.636826 1.568307 0.318268 -0.660448 1.415737 0.296969 -0.954131 
1.349289 0.912529 0.590941 1.240504 0.853182 0.856825 1.348656 0.585181 0.917641 1.484126 0.625957 0.636826 
1.167207 1.167207 0.524648 1.096259 1.096259 0.771227 1.240504 0.853182 0.856825 1.349289 0.912529 0.590941 
1.096259 1.096259 0.771227 1.000000 1.000000 1.000000 1.096273 0.771237 1.096273 1.240504 0.853182 0.856825 
1.440843 0.962740 0.000000 1.416814 0.950951 0.300391 1.569039 0.655264 0.323941 1.600206 0.662827 0.000000 
1.224745 1.224745 0.000000 1.210606 1.210607 0.265533 1.416814 0.950951 0.300391 1.440843 0.962740 0.000000 
1.210606 1.210607 0.265533 1.167207 1.167207 0.524648 1.349289 0.912529 0.590941 1.416814 0.950951 0.300391 
1.697950 0.337743 0.000000 1.663926 0.333747 0.336802 1.697907 -0.000000 0.337735 1.732051 0.000000 0.000000 
1.600206 0.662827 0.000000 1.569039 0.655264 0.323941 1.663926 0.333747 0.336802 1.697950 0.337743 0.000000 
1.569039 0.655264 0.323941 1.484126 0.625957 0.636826 1.568307 0.318268 0.660448 1.663926 0.333747 0.336802 
0.318268 1.568307 -0.660448 0.333747 1.663926 -0.336802 0.655264 1.569039 -0.323941 0.625957 1.484125 -0.636826 
0.000000 1.600206 -0.662827 0.000000 1.697907 -0.337735 0.333747 1.663926 -0.336802 0.318268 1.568307 -0.660448 
0.000000 1.697907 -0.337735 0.000000 1.732051 0.000000 0.337743 1.697950 0.000000 0.333747 1.663926 -0.336802 
0.265531 1.210582 -1.210615 0.296986 1.415807 -0.954196 0.585206 1.348701 -0.917672 0.524648 1.167207 -1.167207 
0.000000 1.224745 -1.224745 0.000000 1.440977 -0.962830 0.296986 1.415807 -0.954196 0.265531 1.210582 -1.210615 
0.000000 1.440977 -0.962830 0.000000 1.600206 -0.662827 0.318268 1.568307 -0.660448 0.296986 1.415807 -0.954196 
0.771232 1.096260 -1.096272 0.853192 1.240516 -0.856840 1.096259 1.096259 -0.771227 1.000000 1.000000 -1.000000 
0.524648 1.167207 -1.167207 0.585206 1.348701 -0.917672 0.853192 1.240516 -0.856840 0.771232 1.096260 -1.096272 
0.585206 1.348701 -0.917672 0.625957 1.484125 -0.636826 0.912529 1.349289 -0.590941 0.853192 1.240516 -0.856840 
-0.912529 1.349289 -0.590941 -0.950951 1.416814 -0.300391 -0.655264 1.569039 -0.323941 -0.625957 1.484125 -0.636826 
-1.167207 1.167207 -0.524648 -1.210607 1.210606 -0.265533 -0.950951 1.416814 -0.300391 -0.912529 1.349289 -0.590941 
-1.210607 1.210606 -0.265533 -1.224745 1.224745 0.000000 -0.962740 1.440843 0.000000 -0.950951 1.416814 -0.300391 
-0.771232 1.096260 -1.096272 -0.853192 1.240516 -0.856840 -0.585206 1.348701 -0.917672 -0.524648 1.167207 -1.167207 
-1.000000 1.000000 -1.000000 -1.096259 1.096259 -0.771227 -0.853192 1.240516 -0.856840 -0.771232 1.096260 -1.096272 
-1.096259 1.096259 -0.771227 -1.167207 1.167207 -0.524648 -0.912529 1.349289 -0.590941 -0.853192 1.240516 -0.856840 
-0.265531 1.210582 -1.210615 -0.296986 1.415807 -0.954196 0.000000 1.440977 -0.962830 0.000000 1.224745 -1.224745 
-0.524648 1.167207 -1.167207 -0.585206 1.348701 -0.917672 -0.296986 1.415807 -0.954196 -0.265531 1.210582 -1.210615 
-0.585206 1.348701 -0.917672 -0.625957 1.484125 -0.636826 -0.318268 1.568307 -0.660448 -0.296986 1.415807 -0.954196 
-0.912529 1.349289 0.590941 -0.853192 1.240516 0.856840 -0.585206 1.348701 0.917672 -0.625957 1.484126 0.636826 
-1.167207 1.167207 0.524648 -1.096259 1.096259 0.771227 -0.853192 1.240516 0.856840 -0.912529 1.349289 0.590941 
-1.096259 1.096259 0.771227 -1.000000 1.000000 1.000000 -0.771232 1.096260 1.096272 -0.853192 1.240516 0.856840 
-0.962740 1.440843 0.000000 -0.950951 1.416814 0.300391 -0.655264 1.569039 0.323941 -0.662827 1.600206 0.000000 
-1.224745 1.224745 0.000000 -1.210607 1.210606 0.265533 -0.950951 1.416814 0.300391 -0.962740 1.440843 0.000000 
-1.210607 1.210606 0.265533 -1.167207 1.167207 0.524648 -0.912529 1.349289 0.590941 -0.950951 1.416814 0.300391 
-0.337743 1.697950 0.000000 -0.333747 1.663926 0.336802 0.000000 1.697907 0.337735 0.000000 1.732051 0.000000 
-0.662827 1.600206 0.000000 -0.655264 1.569039 0.323941 -0.333747 1.663926 0.336802 -0.337743 1.697950 0.000000 
-0.655264 1.569039 0.323941 -0.625957 1.484126 0.636826 -0.318268 1.568307 0.660448 -0.333747 1.663926 0.336802 
-1.568307 0.318268 -0.660448 -1.663926 0.333747 -0.336802 -1.569039 0.655264 -0.323941 -1.484125 0.625957 -0.636826 
-1.600206 0.000000 -0.662827 -1.697907 -0.000000 -0.337735 -1.663926 0.333747 -0.336802 -1.568307 0.318268 -0.660448 
-1.697907 -0.000000 -0.337735 -1.732051 0.000000 0.000000 -1.697950 0.337743 0.000000 -1.663926 0.333747 -0.336802 
-1.210590 0.265529 -1.210590 -1.415737 0.296969 -0.954131 -1.348656 0.585181 -0.917641 -1.167207 0.524648 -1.167207 
-1.224745 0.000000 -1.224745 -1.440880 -0.000000 -0.962765 -1.415737 0.296969 -0.954131 -1.210590 0.265529 -1.210590 
-1.440880 -0.000000 -0.962765 -1.600206 0.000000 -0.662827 -1.568307 0.318268 -0.660448 -1.415737 0.296969 -0.954131 
-1.096273 0.771237 -1.096273 -1.240504 0.853182 -0.856826 -1.096259 1.096259 -0.771227 -1.000000 1.000000 -1.000000 
-1.167207 0.524648 -1.167207 -1.348656 0.585181 -0.917641 -1.240504 0.853182 -0.856826 -1.096273 0.771237 -1.096273 
-1.348656 0.585181 -0.917641 -1.484125 0.625957 -0.636826 -1.349289 0.912529 -0.590941 -1.240504 0.853182 -0.856826 
-1.349289 -0.912529 -0.590941 -1.416814 -0.950951 -0.300391 -1.569039 -0.655264 -0.323941 -1.484126 -0.625957 -0.636826 
-1.167207 -1.167207 -0.524648 -1.210607 -1.210607 -0.265533 -1.416814 -0.950951 -0.300391 -1.349289 -0.912529 -0.590941 
-1.210607 -1.210607 -0.265533 -1.224745 -1.224745 0.000000 -1.440843 -0.962740 0.000000 -1.416814 -0.950951 -0.300391 
-1.096273 -0.771237 -1.096273 -1.240504 -0.853182 -0.856826 -1.348656 -0.585181 -0.917641 -1.167207 -0.524648 -1.167207 
-1.000000 -1.000000 -1.000000 -1.096259 -1.096259 -0.771227 -1.240504 -0.853182 -0.856826 -1.096273 -0.771237 -1.096273 
-1.096259 -1.096259 -0.771227 -1.167207 -1.167207 -0.524648 -1.349289 -0.912529 -0.590941 -1.240504 -0.853182 -0.856826 
-1.210591 -0.265529 -1.210590 -1.415737 -0.296969 -0.954131 -1.440880 -0.000000 -0.962765 -1.224745 0.000000 -1.224745 
-1.167207 -0.524648 -1.167207 -1.348656 -0.585181 -0.917641 -1.415737 -0.296969 -0.954131 -1.210591 -0.265529 -1.210590 
-1.348656 -0.585181 -0.917641 -1.484126 -0.625957 -0.636826 -1.568307 -0.318268 -0.660448 -1.415737 -0.296969 -0.954131 
-1.349289 -0.912529 0.590941 -1.240504 -0.853182 0.856825 -1.348656 -0.585181 0.917641 -1.484126 -0.625957 0.636826 
-1.167207 -1.167207 0.524648 -1.096259 -1.096259 0.771227 -1.240504 -0.853182 0.856825 -1.349289 -0.912529 0.590941 
-1.096259 -1.096259 0.771227 -1.000000 -1.000000 1.000000 -1.096273 -0.771237 1.096273 -1.240504 -0.853182 0.856825 
-1.440843 -0.962740 0.000000 -1.416814 -0.950951 0.300391 -1.569039 -0.655264 0.323941 -1.600206 -0.662827 0.000000 
-1.224745 -1.224745 0.000000 -1.210607 -1.210606 0.265533 -1.416814 -0.950951 0.300391 -1.440843 -0.962740 0.000000 
-1.210607 -1.210606 0.265533 -1.167207 -1.167207 0.524648 -1.349289 -0.912529 0.590941 -1.416814 -0.950951 0.300391 
-1.697950 -0.337743 0.000000 -1.663926 -0.333747 0.336802 -1.697907 -0.000000 0.337735 -1.732051 0.000000 0.000000 
-1.600206 -0.662827 0.000000 -1.569039 -0.655264 0.323941 -1.663926 -0.333747 0.336802 -1.697950 -0.337743 0.000000 
-1.569039 -0.655264 0.323941 -1.484126 -0.625957 0.636826 -1.568308 -0.318268 0.660448 -1.663926 -0.333747 0.336802 
-1.568308 -0.318268 0.660448 -1.415736 -0.296969 0.954131 -1.440879 -0.000000 0.962765 -1.600206 0.000000 0.662827 
-1.484126 -0.625957 0.636826 -1.348656 -0.585181 0.917641 -1.415736 -0.296969 0.954131 -1.568308 -0.318268 0.660448 
-1.348656 -0.585181 0.917641 -1.167207 -0.524648 1.167207 -1.210590 -0.265529 1.210590 -1.415736 -0.296969 0.954131 
-1.568307 -0.318268 -0.660448 -1.663926 -0.333747 -0.336802 -1.697907 -0.000000 -0.337735 -1.600206 0.000000 -0.662827 
-1.484126 -0.625957 -0.636826 -1.569039 -0.655264 -0.323941 -1.663926 -0.333747 -0.336802 -1.568307 -0.318268 -0.660448 
-1.569039 -0.655264 -0.323941 -1.600206 -0.662827 0.000000 -1.697950 -0.337743 0.000000 -1.663926 -0.333747 -0.336802 
-1.349289 0.912529 -0.590941 -1.416814 0.950951 -0.300391 -1.210607 1.210606 -0.265533 -1.167207 1.167207 -0.524648 
-1.484125 0.625957 -0.636826 -1.569039 0.655264 -0.323941 -1.416814 0.950951 -0.300391 -1.349289 0.912529 -0.590941 
-1.569039 0.655264 -0.323941 -1.600206 0.662827 -0.000000 -1.440843 0.962740 0.000000 -1.416814 0.950951 -0.300391 
-0.318268 1.568307 0.660448 -0.296986 1.415807 0.954196 0.000000 1.440977 0.962830 0.000000 1.600206 0.662827 
-0.625957 1.484126 0.636826 -0.585206 1.348701 0.917672 -0.296986 1.415807 0.954196 -0.318268 1.568307 0.660448 
-0.585206 1.348701 0.917672 -0.524648 1.167207 1.167207 -0.265531 1.210582 1.210615 -0.296986 1.415807 0.954196 
-0.318268 1.568307 -0.660448 -0.333747 1.663926 -0.336802 0.000000 1.697907 -0.337735 0.000000 1.600206 -0.662827 
-0.625957 1.484125 -0.636826 -0.655264 1.569039 -0.323941 -0.333747 1.663926 -0.336802 -0.318268 1.568307 -0.660448 
-0.655264 1.569039 -0.323941 -0.662827 1.600206 0.000000 -0.337743 1.697950 0.000000 -0.333747 1.663926 -0.336802 
0.912529 1.349289 -0.590941 0.950951 1.416814 -0.300391 1.210606 1.210607 -0.265533 1.167207 1.167207 -0.524648 
0.625957 1.484125 -0.636826 0.655264 1.569039 -0.323941 0.950951 1.416814 -0.300391 0.912529 1.349289 -0.590941 
0.655264 1.569039 -0.323941 0.662827 1.600206 0.000000 0.962740 1.440843 0.000000 0.950951 1.416814 -0.300391 
1.568307 0.318268 0.660448 1.415736 0.296969 0.954131 1.440879 -0.000000 0.962765 1.600206 0.000000 0.662827 
1.484126 0.625957 0.636826 1.348656 0.585181 0.917641 1.415736 0.296969 0.954131 1.568307 0.318268 0.660448 
1.348656 0.585181 0.917641 1.167207 0.524648 1.167207 1.210591 0.265529 1.210590 1.415736 0.296969 0.954131 
1.568307 0.318268 -0.660448 1.663926 0.333747 -0.336802 1.697907 0.000000 -0.337735 1.600206 0.000000 -0.662827 
1.484125 0.625957 -0.636826 1.569039 0.655264 -0.323941 1.663926 0.333747 -0.336802 1.568307 0.318268 -0.660448 
1.569039 0.655264 -0.323941 1.600206 0.662827 0.000000 1.697950 0.337743 0.000000 1.663926 0.333747 -0.336802 
1.349289 -0.912529 -0.590941 1.416814 -0.950951 -0.300391 1.210607 -1.210606 -0.265533 1.167207 -1.167207 -0.524648 
1.484125 -0.625957 -0.636826 1.569039 -0.655264 -0.323941 1.416814 -0.950951 -0.300391 1.349289 -0.912529 -0.590941 
1.569039 -0.655264 -0.323941 1.600206 -0.662827 -0.000000 1.440843 -0.962740 0.000000 1.416814 -0.950951 -0.300391 
0.318268 -1.568307 0.660448 0.296986 -1.415807 0.954196 0.000000 -1.440977 0.962830 -0.000000 -1.600206 0.662827 
0.625957 -1.484126 0.636826 0.585206 -1.348701 0.917672 0.296986 -1.415807 0.954196 0.318268 -1.568307 0.660448 
0.585206 -1.348701 0.917672 0.524648 -1.167207 1.167207 0.265531 -1.210582 1.210615 0.296986 -1.415807 0.954196 
0.318268 -1.568307 -0.660448 0.333747 -1.663926 -0.336802 0.000000 -1.697907 -0.337735 0.000000 -1.600206 -0.662827 
0.625957 -1.484125 -0.636826 0.655264 -1.569039 -0.323941 0.333747 -1.663926 -0.336802 0.318268 -1.568307 -0.660448 
0.655264 -1.569039 -0.323941 0.662827 -1.600206 0.000000 0.337743 -1.697950 -0.000000 0.333747 -1.663926 -0.336802 
-0.912529 -1.349289 -0.590941 -0.950951 -1.416814 -0.300391 -1.210607 -1.210607 -0.265533 -1.167207 -1.167207 -0.524648 
-0.625957 -1.484126 -0.636826 -0.655264 -1.569039 -0.323941 -0.950951 -1.416814 -0.300391 -0.912529 -1.349289 -0.590941 
-0.655264 -1.569039 -0.323941 -0.662827 -1.600206 0.000000 -0.962740 -1.440843 -0.000000 -0.950951 -1.416814 -0.300391 
0.660448 0.318268 -1.568308 0.954131 0.296969 -1.415736 0.962765 -0.000000 -1.440879 0.662827 0.000000 -1.600206 
0.636826 0.625957 -1.484126 0.917641 0.585181 -1.348656 0.954131 0.296969 -1.415736 0.660448 0.318268 -1.568308 
0.917641 0.585181 -1.348656 1.167207 0.524648 -1.167207 1.210590 0.265529 -1.210590 0.954131 0.296969 -1.415736 
-0.660448 0.318268 -1.568308 -0.336802 0.333747 -1.663926 -0.337735 -0.000000 -1.697907 -0.662827 0.000000 -1.600206 
-0.636826 0.625957 -1.484126 -0.323941 0.655264 -1.569039 -0.336802 0.333747 -1.663926 -0.660448 0.318268 -1.568308 
-0.323941 0.655264 -1.569039 0.000000 0.662827 -1.600206 0.000000 0.337743 -1.697950 -0.336802 0.333747 -1.663926 
-0.590915 -0.912497 -1.349244 -0.300370 -0.950889 -1.416743 -0.265531 -1.210582 -1.210615 -0.524648 -1.167207 -1.167207 
-0.636826 -0.625957 -1.484126 -0.323941 -0.655264 -1.569039 -0.300370 -0.950889 -1.416743 -0.590915 -0.912497 -1.349244 
-0.323941 -0.655264 -1.569039 0.000000 -0.662827 -1.600206 0.000000 -0.962675 -1.440746 -0.300370 -0.950889 -1.416743 
-0.660448 0.318268 1.568307 -0.954131 0.296969 1.415736 -0.962765 -0.000000 1.440879 -0.662827 0.000000 1.600206 
-0.636826 0.625957 1.484126 -0.917641 0.585181 1.348656 -0.954131 0.296969 1.415736 -0.660448 0.318268 1.568307 
-0.917641 0.585181 1.348656 -1.167207 0.524648 1.167207 -1.210590 0.265529 1.210590 -0.954131 0.296969 1.415736 
0.660448 0.318268 1.568308 0.336802 0.333747 1.663926 0.337735 -0.000000 1.697907 0.662827 0.000000 1.600206 
0.636826 0.625957 1.484126 0.323941 0.655264 1.569039 0.336802 0.333747 1.663926 0.660448 0.318268 1.568308 
0.323941 0.655264 1.569039 0.000000 0.662827 1.600206 0.000000 0.337743 1.697950 0.336802 0.333747 1.663926 
0.590915 -0.912497 1.349245 0.300370 -0.950889 1.416743 0.265531 -1.210582 1.210615 0.524648 -1.167207 1.167207 
0.636826 -0.625957 1.484126 0.323941 -0.655264 1.569039 0.300370 -0.950889 1.416743 0.590915 -0.912497 1.349245 
0.323941 -0.655264 1.569039 0.000000 -0.662827 1.600206 0.000000 -0.962675 1.440746 0.300370 -0.950889 1.416743 
-0.590915 -0.912497 1.349245 -0.856813 -0.853170 1.240494 -0.771232 -1.096260 1.096272 -0.524648 -1.167207 1.167207 
-0.636826 -0.625957 1.484126 -0.917641 -0.585181 1.348656 -0.856813 -0.853170 1.240494 -0.590915 -0.912497 1.349245 
-0.917641 -0.585181 1.348656 -1.167207 -0.524648 1.167207 -1.096273 -0.771237 1.096273 -0.856813 -0.853170 1.240494 
0.590915 -0.912497 -1.349244 0.856813 -0.853170 -1.240494 0.771232 -1.096260 -1.096272 0.524648 -1.167207 -1.167207 
0.636826 -0.625957 -1.484126 0.917641 -0.585181 -1.348656 0.856813 -0.853170 -1.240494 0.590915 -0.912497 -1.349244 
0.917641 -0.585181 -1.348656 1.167207 -0.524648 -1.167207 1.096273 -0.771237 -1.096273 0.856813 -0.853170 -1.240494 
-0.912529 -1.349289 0.590941 -0.853192 -1.240516 0.856840 -1.096259 -1.096259 0.771227 -1.167207 -1.167207 0.524648 
-0.625957 -1.484126 0.636826 -0.585207 -1.348701 0.917672 -0.853192 -1.240516 0.856840 -0.912529 -1.349289 0.590941 
-0.585207 -1.348701 0.917672 -0.524648 -1.167207 1.167207 -0.771232 -1.096260 1.096272 -0.853192 -1.240516 0.856840 
1.349289 -0.912529 0.590941 1.240504 -0.853182 0.856825 1.096259 -1.096259 0.771227 1.167207 -1.167207 0.524648 
1.484126 -0.625957 0.636826 1.348656 -0.585181 0.917641 1.240504 -0.853182 0.856825 1.349289 -0.912529 0.590941 
1.348656 -0.585181 0.917641 1.167207 -0.524648 1.167207 1.096273 -0.771237 1.096273 1.240504 -0.853182 0.856825 
0.912529 1.349289 0.590941 0.853192 1.240516 0.856840 1.096259 1.096259 0.771227 1.167207 1.167207 0.524648 
0.625957 1.484126 0.636826 0.585206 1.348701 0.917672 0.853192 1.240516 0.856840 0.912529 1.349289 0.590941 
0.585206 1.348701 0.917672 0.524648 1.167207 1.167207 0.771232 1.096260 1.096272 0.853192 1.240516 0.856840 
-1.349289 0.912529 0.590941 -1.240504 0.853182 0.856825 -1.096259 1.096259 0.771227 -1.167207 1.167207 0.524648 
-1.484126 0.625957 0.636826 -1.348656 0.585181 0.917641 -1.240504 0.853182 0.856825 -1.349289 0.912529 0.590941 
-1.348656 0.585181 0.917641 -1.167207 0.524648 1.167207 -1.096273 0.771237 1.096273 -1.240504 0.853182 0.856825 
