1.948545 0.086566 2.067558 1.634220 0.600616 -0.355623 0.664373 0.360154 3.370796 
-0.761791 -0.514975 -1.964326 -0.963406 -0.553347 -3.746513 -0.909011 -0.321888 -5.492285 
-0.909011 -0.321888 -5.492285 -0.687259 -0.423536 -3.988986 -0.761791 -0.514975 -1.964326 
-0.338153 0.848030 3.746847 -0.144733 1.096612 3.838148 -0.082753 0.993433 3.466168 
0.027650 0.645285 5.798279 0.145688 0.289540 7.082613 0.157280 0.625660 5.741045 
0.220938 -0.104413 -6.643860 0.513883 0.275294 -6.168555 0.403800 -0.088200 -6.114999 
0.403800 -0.088200 -6.114999 0.436369 -0.187731 -5.921617 0.220938 -0.104413 -6.643860 
-0.733064 0.331883 -5.185515 -0.598276 0.370086 -4.407202 -0.072726 0.532902 -2.775221 
-0.072726 0.532902 -2.775221 -0.201247 0.322696 -6.321646 -0.561177 0.293648 -5.828075 
-0.072726 0.532902 -2.775221 -0.561177 0.293648 -5.828075 -0.733064 0.331883 -5.185515 
-0.556800 -0.150600 -5.818600 -0.561177 0.293648 -5.828075 -0.477800 -0.144600 -5.821000 
1.538352 -0.389022 -1.840661 1.644855 -0.211138 -2.330462 2.375380 -0.084862 -1.761573 
0.575600 -0.150600 -5.818799 0.574800 0.299400 -5.820000 0.731909 0.297329 -5.326472 
0.663936 0.022514 -5.527240 0.718934 -0.167886 -5.321703 0.575600 -0.150600 -5.818799 
0.731909 0.297329 -5.326472 0.663936 0.022514 -5.527240 0.575600 -0.150600 -5.818799 
0.578856 0.036077 1.447575 0.470397 -0.186796 -1.731584 0.444000 -0.475600 0.566600 
2.035000 0.400600 -5.526199 1.892069 0.102141 -6.552372 1.981532 0.281308 -2.935020 
1.981532 0.281308 -2.935020 2.785148 1.989868 -4.417473 2.783600 1.986600 -5.137000 
1.981532 0.281308 -2.935020 2.783600 1.986600 -5.137000 2.035000 0.400600 -5.526199 
0.540399 0.287176 -5.815853 0.574800 0.299400 -5.820000 0.471944 -0.154873 -5.525375 
-1.863621 0.103143 -6.550670 -2.142000 0.336400 -5.526199 -2.006200 0.400400 -5.526199 
1.043200 0.402400 -6.322800 0.857106 0.617237 -3.930270 1.128914 0.647687 -2.361859 
1.128914 0.647687 -2.361859 1.354731 0.558244 -4.013090 1.306521 0.339080 -6.322856 
1.128914 0.647687 -2.361859 1.306521 0.339080 -6.322856 1.043200 0.402400 -6.322800 
-1.863621 0.103143 -6.550670 -1.866649 -0.063517 -6.552988 -3.671800 -0.061400 -6.240799 
-3.671800 -0.061400 -6.240799 -3.671600 0.088800 -6.240799 -1.863621 0.103143 -6.550670 
0.349397 0.853824 3.744805 0.281529 1.034339 3.991560 0.360138 0.775492 4.941668 
0.360138 0.775492 4.941668 0.413867 0.462760 4.719697 0.349397 0.853824 3.744805 
1.581191 -0.196812 -4.259318 1.517498 -0.028103 -5.234761 2.150259 -0.063088 -4.746455 
-1.148677 0.635097 -3.850017 -1.036538 0.484460 -5.245978 -1.232817 0.392778 -6.322803 
-1.232817 0.392778 -6.322803 -1.255556 0.439375 -5.389668 -1.148677 0.635097 -3.850017 
5.355399 0.115200 -3.674999 5.355199 -0.084200 -3.675200 4.795400 -0.084200 -4.080400 
4.795400 -0.084200 -4.080400 4.795599 0.115200 -4.080000 5.355399 0.115200 -3.674999 
-1.659619 -0.210194 -2.371334 -1.530617 -0.395417 -1.852884 -2.387910 -0.083581 -1.690071 
0.182419 0.994896 5.098923 0.044029 1.155868 4.412784 -0.114635 1.088207 4.804416 
-0.114635 1.088207 4.804416 0.021343 0.929604 5.460457 0.182419 0.994896 5.098923 
-0.691751 0.747258 -0.523856 -0.452648 0.637184 0.612010 -0.089052 0.699248 0.082597 
0.429877 0.642053 0.674508 0.443518 0.532080 1.741637 0.664373 0.360154 3.370796 
1.634220 0.600616 -0.355623 -0.691751 0.747258 -0.523856 -0.089052 0.699248 0.082597 
0.429877 0.642053 0.674508 0.664373 0.360154 3.370796 1.634220 0.600616 -0.355623 
1.634220 0.600616 -0.355623 -0.089052 0.699248 0.082597 0.429877 0.642053 0.674508 
2.170600 0.336400 -5.526000 2.035000 0.400600 -5.526199 2.783600 1.986600 -5.137000 
-2.244237 -0.081777 -3.761714 -3.898599 -0.061200 -5.641600 -3.671800 -0.061400 -6.240799 
-3.671800 -0.061400 -6.240799 -1.866649 -0.063517 -6.552988 -1.584400 -0.004600 -5.770200 
-1.584400 -0.004600 -5.770200 -1.508538 -0.032114 -5.286341 -1.592798 -0.186404 -4.257932 
-2.075415 -0.064841 -5.006166 -2.244237 -0.081777 -3.761714 -3.671800 -0.061400 -6.240799 
-1.584400 -0.004600 -5.770200 -1.592798 -0.186404 -4.257932 -2.075415 -0.064841 -5.006166 
-3.671800 -0.061400 -6.240799 -1.584400 -0.004600 -5.770200 -2.075415 -0.064841 -5.006166 
-1.036538 0.484460 -5.245978 -0.871353 0.337830 -6.322796 -1.232817 0.392778 -6.322803 
-0.639132 0.495023 -3.042520 -0.824908 0.588015 -3.980242 -0.917892 0.598273 -1.646437 
-2.061000 0.161937 -3.888983 -2.024800 0.089200 -6.303400 -2.236622 0.095668 -3.793211 
-1.438743 0.292046 -5.390224 -1.493684 0.154993 -5.347147 -1.629935 0.255543 -3.891646 
0.157280 0.625660 5.741045 0.423918 0.346447 6.138881 0.275231 0.542736 5.518037 
2.170600 0.336400 -5.526000 2.041577 0.078017 -6.338738 2.035000 0.400600 -5.526199 
0.574800 0.299400 -5.820000 0.457000 -0.142400 -5.820399 0.471944 -0.154873 -5.525375 
0.369500 0.718025 1.971122 0.443518 0.532080 1.741637 0.429877 0.642053 0.674508 
2.254798 0.098292 -3.813909 2.289913 0.117219 -3.726293 2.267882 -0.079100 -3.767881 
0.516541 0.160036 5.821216 0.275231 0.542736 5.518037 0.423918 0.346447 6.138881 
0.349397 0.853824 3.744805 0.369500 0.718025 1.971122 0.429877 0.642053 0.674508 
0.429877 0.642053 0.674508 0.135766 0.990207 3.497578 0.349397 0.853824 3.744805 
-3.898599 -0.061200 -5.641600 -3.898800 0.088800 -5.641600 -3.671600 0.088800 -6.240799 
-3.671600 0.088800 -6.240799 -3.671800 -0.061400 -6.240799 -3.898599 -0.061200 -5.641600 
0.540399 0.287176 -5.815853 0.458600 -0.135200 -5.536399 0.457000 -0.142400 -5.820399 
-2.142000 0.336400 -5.526199 -2.024800 0.089200 -6.303400 -2.061000 0.161937 -3.888983 
-2.061000 0.161937 -3.888983 -2.098262 0.244772 -2.968143 -2.891800 1.925400 -4.417600 
-2.891800 1.925400 -4.417600 -2.890600 1.922200 -5.137000 -2.142000 0.336400 -5.526199 
-2.142000 0.336400 -5.526199 -2.061000 0.161937 -3.888983 -2.891800 1.925400 -4.417600 
-2.098262 0.244772 -2.968143 -1.951170 0.280535 -2.914945 -2.756430 1.989903 -4.417364 
-2.756430 1.989903 -4.417364 -2.891800 1.925400 -4.417600 -2.098262 0.244772 -2.968143 
0.220938 -0.104413 -6.643860 -0.218522 -0.098697 -6.662942 -0.004401 0.140548 -7.211287 
1.128914 0.647687 -2.361859 1.182626 0.576434 -1.391149 1.481584 0.473883 -1.820540 
1.481584 0.473883 -1.820540 1.354731 0.558244 -4.013090 1.128914 0.647687 -2.361859 
0.471944 -0.154873 -5.525375 0.436369 -0.187731 -5.921617 0.458600 -0.135200 -5.536399 
1.517498 -0.028103 -5.234761 1.611000 -0.004600 -5.770200 1.913829 -0.072776 -6.549613 
1.913829 -0.072776 -6.549613 3.672199 -0.061200 -6.240799 3.899199 -0.061200 -5.641399 
3.899199 -0.061200 -5.641399 2.267882 -0.079100 -3.767881 2.150259 -0.063088 -4.746455 
2.150259 -0.063088 -4.746455 1.517498 -0.028103 -5.234761 1.913829 -0.072776 -6.549613 
1.913829 -0.072776 -6.549613 3.899199 -0.061200 -5.641399 2.150259 -0.063088 -4.746455 
1.376231 -0.130789 -6.320645 1.434400 0.108800 -6.322999 1.517498 -0.028103 -5.234761 
1.517498 -0.028103 -5.234761 1.581191 -0.196812 -4.259318 1.376231 -0.130789 -6.320645 
1.964141 -0.015561 2.057673 1.948545 0.086566 2.067558 0.664373 0.360154 3.370796 
-2.756430 1.989903 -4.417364 -1.951170 0.280535 -2.914945 -1.863621 0.103143 -6.550670 
-1.863621 0.103143 -6.550670 -2.006200 0.400400 -5.526199 -2.756430 1.989903 -4.417364 
-0.004401 0.140548 -7.211287 -0.201247 0.322696 -6.321646 -0.072726 0.532902 -2.775221 
-0.072726 0.532902 -2.775221 -0.598276 0.370086 -4.407202 -0.639132 0.495023 -3.042520 
-0.639132 0.495023 -3.042520 -0.691751 0.747258 -0.523856 1.634220 0.600616 -0.355623 
1.634220 0.600616 -0.355623 2.008421 0.505359 -0.178207 2.125864 0.242435 -2.951185 
1.981532 0.281308 -2.935020 1.892069 0.102141 -6.552372 1.511587 0.166160 -5.348820 
1.634220 0.600616 -0.355623 2.125864 0.242435 -2.951185 1.981532 0.281308 -2.935020 
-0.072726 0.532902 -2.775221 -0.639132 0.495023 -3.042520 1.634220 0.600616 -0.355623 
0.513883 0.275294 -6.168555 -0.004401 0.140548 -7.211287 -0.072726 0.532902 -2.775221 
0.563793 0.430695 -3.811936 0.513883 0.275294 -6.168555 -0.072726 0.532902 -2.775221 
1.634220 0.600616 -0.355623 1.981532 0.281308 -2.935020 1.511587 0.166160 -5.348820 
1.634220 0.600616 -0.355623 1.511587 0.166160 -5.348820 1.481584 0.473883 -1.820540 
0.828987 0.586253 -1.899259 0.563793 0.430695 -3.811936 -0.072726 0.532902 -2.775221 
1.634220 0.600616 -0.355623 1.481584 0.473883 -1.820540 1.182626 0.576434 -1.391149 
1.182626 0.576434 -1.391149 0.828987 0.586253 -1.899259 -0.072726 0.532902 -2.775221 
-0.072726 0.532902 -2.775221 1.634220 0.600616 -0.355623 1.182626 0.576434 -1.391149 
-0.521911 0.171242 5.941269 -0.469082 0.018275 6.142818 -0.276556 0.097680 6.996702 
-2.037163 0.473596 -0.098247 -2.098262 0.244772 -2.968143 -2.061000 0.161937 -3.888983 
-2.061000 0.161937 -3.888983 -2.267061 0.115680 -3.706908 -2.037163 0.473596 -0.098247 
2.885200 -0.084200 -4.389000 4.795400 -0.084200 -4.080400 5.355199 -0.084200 -3.675200 
5.355199 -0.084200 -3.675200 5.365200 -0.084400 -2.826000 2.448000 -0.036009 0.300581 
2.375380 -0.084862 -1.761573 2.267882 -0.079100 -3.767881 2.885200 -0.084200 -4.389000 
5.355199 -0.084200 -3.675200 2.448000 -0.036009 0.300581 2.375380 -0.084862 -1.761573 
5.355199 -0.084200 -3.675200 2.375380 -0.084862 -1.761573 2.885200 -0.084200 -4.389000 
-1.264748 -0.309004 -5.720267 -0.963406 -0.553347 -3.746513 -1.212426 -0.588947 -1.883614 
-1.212426 -0.588947 -1.883614 -1.398515 -0.455287 -3.888103 -1.264748 -0.309004 -5.720267 
1.538352 -0.389022 -1.840661 1.441800 -0.676400 -0.970400 1.219825 -0.588901 -1.863030 
0.157280 0.625660 5.741045 0.145688 0.289540 7.082613 0.423918 0.346447 6.138881 
-1.458708 0.632987 -0.406075 -1.963815 0.053513 2.029100 -1.162466 0.256123 2.876430 
2.885200 -0.084200 -4.389000 2.885200 0.115200 -4.389200 4.795599 0.115200 -4.080000 
4.795599 0.115200 -4.080000 4.795400 -0.084200 -4.080400 2.885200 -0.084200 -4.389000 
-0.477800 -0.144600 -5.821000 -0.458809 -0.152411 -5.524079 -0.494589 -0.197595 -4.090051 
-0.494589 -0.197595 -4.090051 -0.699047 -0.147000 -5.261734 -0.556800 -0.150600 -5.818600 
-0.494589 -0.197595 -4.090051 -0.556800 -0.150600 -5.818600 -0.477800 -0.144600 -5.821000 
-0.351285 0.702065 1.733676 -0.230450 0.794977 1.366567 -0.452648 0.637184 0.612010 
2.254798 0.098292 -3.813909 3.899199 0.088800 -5.641399 3.672412 0.087747 -6.240517 
3.672412 0.087747 -6.240517 1.892069 0.102141 -6.552372 2.041577 0.078017 -6.338738 
3.672412 0.087747 -6.240517 2.041577 0.078017 -6.338738 2.254798 0.098292 -3.813909 
0.712874 0.237956 2.100345 2.062219 -0.031345 1.260714 1.964141 -0.015561 2.057673 
1.964141 -0.015561 2.057673 0.724501 0.239988 3.346716 0.712874 0.237956 2.100345 
-2.891800 1.925400 -4.417600 -2.756430 1.989903 -4.417364 -2.006200 0.400400 -5.526199 
-2.006200 0.400400 -5.526199 -2.890600 1.922200 -5.137000 -2.891800 1.925400 -4.417600 
0.127593 -0.103484 7.189725 0.003200 0.111200 7.675799 -0.077575 -0.023950 7.410739 
0.458600 -0.135200 -5.536399 0.436369 -0.187731 -5.921617 0.457000 -0.142400 -5.820399 
2.062219 -0.031345 1.260714 2.448000 -0.036009 0.300581 1.964141 -0.015561 2.057673 
0.403800 -0.088200 -6.114999 0.457000 -0.142400 -5.820399 0.436369 -0.187731 -5.921617 
-0.011594 0.890228 1.645924 -0.082753 0.993433 3.466168 0.135766 0.990207 3.497578 
0.135766 0.990207 3.497578 0.429877 0.642053 0.674508 -0.011594 0.890228 1.645924 
1.050899 -0.311149 -6.323867 0.734967 -0.023406 -6.323584 0.829000 0.295400 -6.322800 
0.829000 0.295400 -6.322800 1.043200 0.402400 -6.322800 1.306521 0.339080 -6.322856 
1.306521 0.339080 -6.322856 1.434400 0.108800 -6.322999 1.376231 -0.130789 -6.320645 
1.376231 -0.130789 -6.320645 1.050899 -0.311149 -6.323867 0.829000 0.295400 -6.322800 
0.829000 0.295400 -6.322800 1.306521 0.339080 -6.322856 1.376231 -0.130789 -6.320645 
0.444000 -0.475600 0.566600 1.461121 -0.699663 0.097828 1.653800 -0.125800 1.058200 
1.653800 -0.125800 1.058200 0.578856 0.036077 1.447575 0.444000 -0.475600 0.566600 
-0.477800 -0.144600 -5.821000 -0.556800 -0.150600 -5.818600 -0.408200 -0.086000 -6.102000 
-1.680400 -0.282200 0.499200 -1.655587 -0.149830 1.004308 -2.420200 0.005800 0.368600 
-0.604793 0.070556 1.530309 -0.467446 -0.184449 -1.687479 -0.479681 -0.223302 3.861237 
-0.479681 -0.223302 3.861237 -0.355571 -0.214885 5.843321 -0.469082 0.018275 6.142818 
-0.469082 0.018275 6.142818 -0.521911 0.171242 5.941269 -0.722032 0.242471 3.338980 
-0.722032 0.242471 3.338980 -0.692789 0.232991 2.048372 -0.604793 0.070556 1.530309 
-0.604793 0.070556 1.530309 -0.479681 -0.223302 3.861237 -0.469082 0.018275 6.142818 
-0.604793 0.070556 1.530309 -0.469082 0.018275 6.142818 -0.722032 0.242471 3.338980 
0.513000 -0.473600 -0.970400 0.444000 -0.475600 0.566600 0.470397 -0.186796 -1.731584 
0.470397 -0.186796 -1.731584 0.552252 -0.351062 -1.992374 0.513000 -0.473600 -0.970400 
0.540399 0.287176 -5.815853 0.563793 0.430695 -3.811936 0.731909 0.297329 -5.326472 
-0.556800 -0.150600 -5.818600 -0.477800 -0.144600 -5.821000 -0.442650 -0.195310 -5.819158 
-0.442650 -0.195310 -5.819158 -0.561177 0.293648 -5.828075 -0.556800 -0.150600 -5.818600 
1.128914 0.647687 -2.361859 0.857106 0.617237 -3.930270 0.828987 0.586253 -1.899259 
0.828987 0.586253 -1.899259 1.182626 0.576434 -1.391149 1.128914 0.647687 -2.361859 
-1.436186 0.504181 -1.556927 -1.438593 0.510414 -3.920832 -1.438743 0.292046 -5.390224 
-1.438743 0.292046 -5.390224 -1.629935 0.255543 -3.891646 -1.436186 0.504181 -1.556927 
-1.212426 -0.588947 -1.883614 -0.963406 -0.553347 -3.746513 -0.761791 -0.514975 -1.964326 
-0.761791 -0.514975 -1.964326 -0.512800 -0.473600 -0.970600 -0.444000 -0.476000 0.565600 
-0.444000 -0.476000 0.565600 -1.461741 -0.699768 0.097328 -1.441200 -0.676400 -0.969800 
-1.441200 -0.676400 -0.969800 -1.212426 -0.588947 -1.883614 -0.761791 -0.514975 -1.964326 
-0.761791 -0.514975 -1.964326 -0.444000 -0.476000 0.565600 -1.441200 -0.676400 -0.969800 
0.575600 -0.150600 -5.818799 0.574800 0.299400 -5.820000 0.457000 -0.142400 -5.820399 
-0.909011 -0.321888 -5.492285 -0.963406 -0.553347 -3.746513 -1.264748 -0.309004 -5.720267 
-1.264748 -0.309004 -5.720267 -1.287974 -0.247264 -6.323575 -0.996200 -0.285200 -6.323800 
-1.264748 -0.309004 -5.720267 -0.996200 -0.285200 -6.323800 -0.909011 -0.321888 -5.492285 
1.538352 -0.389022 -1.840661 2.375380 -0.084862 -1.761573 2.448000 -0.036009 0.300581 
2.448000 -0.036009 0.300581 2.062219 -0.031345 1.260714 1.675278 -0.264750 0.578108 
2.448000 -0.036009 0.300581 1.675278 -0.264750 0.578108 1.538352 -0.389022 -1.840661 
-0.262467 0.517892 6.088520 -0.156750 0.290861 7.075234 0.027650 0.645285 5.798279 
0.027650 0.645285 5.798279 -0.174459 0.625188 5.670619 -0.262467 0.517892 6.088520 
-3.898800 0.088800 -5.641600 -3.898599 -0.061200 -5.641600 -2.244237 -0.081777 -3.761714 
-2.244237 -0.081777 -3.761714 -2.236622 0.095668 -3.793211 -3.898800 0.088800 -5.641600 
-0.871353 0.337830 -6.322796 -1.036538 0.484460 -5.245978 -0.824908 0.588015 -3.980242 
-0.824908 0.588015 -3.980242 -0.598276 0.370086 -4.407202 -0.733064 0.331883 -5.185515 
-0.824908 0.588015 -3.980242 -0.733064 0.331883 -5.185515 -0.871353 0.337830 -6.322796 
2.453868 0.112780 0.311874 2.289913 0.117219 -3.726293 2.008421 0.505359 -0.178207 
-1.493684 0.154993 -5.347147 -1.508538 -0.032114 -5.286341 -1.584400 -0.004600 -5.770200 
-0.444000 -0.476000 0.565600 -0.604793 0.070556 1.530309 -1.655587 -0.149830 1.004308 
-1.655587 -0.149830 1.004308 -1.461741 -0.699768 0.097328 -0.444000 -0.476000 0.565600 
0.182419 0.994896 5.098923 0.360138 0.775492 4.941668 0.281529 1.034339 3.991560 
-0.097372 0.772700 5.633098 0.021343 0.929604 5.460457 -0.114635 1.088207 4.804416 
-0.114635 1.088207 4.804416 -0.313844 0.854139 4.977437 -0.097372 0.772700 5.633098 
-5.355000 0.115200 -3.674800 -4.795400 0.115200 -4.080000 -4.795599 -0.084200 -4.080000 
-4.795599 -0.084200 -4.080000 -5.355000 -0.084200 -3.674600 -5.355000 0.115200 -3.674800 
1.892069 0.102141 -6.552372 1.611000 -0.004600 -5.770200 1.511587 0.166160 -5.348820 
-0.174459 0.625188 5.670619 -0.313844 0.854139 4.977437 -0.376253 0.479699 4.923281 
-1.778929 -0.011124 2.216847 -2.147200 0.005000 1.333200 -2.420200 0.005800 0.368600 
-2.420200 0.005800 0.368600 -1.655587 -0.149830 1.004308 -1.965210 -0.026341 1.373405 
-2.420200 0.005800 0.368600 -1.965210 -0.026341 1.373405 -1.778929 -0.011124 2.216847 
0.027650 0.645285 5.798279 0.157280 0.625660 5.741045 0.021343 0.929604 5.460457 
-0.824908 0.588015 -3.980242 -0.639132 0.495023 -3.042520 -0.598276 0.370086 -4.407202 
0.828987 0.586253 -1.899259 0.857106 0.617237 -3.930270 1.043200 0.402400 -6.322800 
1.043200 0.402400 -6.322800 0.829000 0.295400 -6.322800 0.731909 0.297329 -5.326472 
0.731909 0.297329 -5.326472 0.563793 0.430695 -3.811936 0.828987 0.586253 -1.899259 
1.043200 0.402400 -6.322800 0.731909 0.297329 -5.326472 0.828987 0.586253 -1.899259 
-2.427932 0.112483 0.323810 -2.440871 -0.079359 0.319217 -2.420200 0.005800 0.368600 
-2.420200 0.005800 0.368600 -2.147200 0.005000 1.333200 -1.963815 0.053513 2.029100 
-2.427932 0.112483 0.323810 -2.420200 0.005800 0.368600 -1.963815 0.053513 2.029100 
-1.655587 -0.149830 1.004308 -0.604793 0.070556 1.530309 -0.692789 0.232991 2.048372 
-0.692789 0.232991 2.048372 -1.965210 -0.026341 1.373405 -1.655587 -0.149830 1.004308 
1.517498 -0.028103 -5.234761 1.511587 0.166160 -5.348820 1.611000 -0.004600 -5.770200 
-3.671600 0.088800 -6.240799 -3.898800 0.088800 -5.641600 -2.236622 0.095668 -3.793211 
-2.024800 0.089200 -6.303400 -1.863621 0.103143 -6.550670 -3.671600 0.088800 -6.240799 
-2.236622 0.095668 -3.793211 -2.024800 0.089200 -6.303400 -3.671600 0.088800 -6.240799 
2.062219 -0.031345 1.260714 0.712874 0.237956 2.100345 0.578856 0.036077 1.447575 
1.653800 -0.125800 1.058200 1.675278 -0.264750 0.578108 2.062219 -0.031345 1.260714 
2.062219 -0.031345 1.260714 0.578856 0.036077 1.447575 1.653800 -0.125800 1.058200 
2.289913 0.117219 -3.726293 2.885200 -0.084200 -4.389000 2.267882 -0.079100 -3.767881 
-2.440871 -0.079359 0.319217 -5.364200 -0.084200 -2.825400 -5.355000 -0.084200 -3.674600 
-5.355000 -0.084200 -3.674600 -4.795599 -0.084200 -4.080000 -2.884400 -0.084200 -4.389200 
-2.884400 -0.084200 -4.389200 -2.244237 -0.081777 -3.761714 -2.387910 -0.083581 -1.690071 
-2.387910 -0.083581 -1.690071 -2.440871 -0.079359 0.319217 -5.355000 -0.084200 -3.674600 
-5.355000 -0.084200 -3.674600 -2.884400 -0.084200 -4.389200 -2.387910 -0.083581 -1.690071 
0.369500 0.718025 1.971122 0.349397 0.853824 3.744805 0.675040 0.209928 4.414774 
0.675040 0.209928 4.414774 0.724501 0.239988 3.346716 0.664373 0.360154 3.370796 
0.664373 0.360154 3.370796 0.443518 0.532080 1.741637 0.369500 0.718025 1.971122 
0.675040 0.209928 4.414774 0.664373 0.360154 3.370796 0.369500 0.718025 1.971122 
-0.458809 -0.152411 -5.524079 -0.477800 -0.144600 -5.821000 -0.561177 0.293648 -5.828075 
-0.408200 -0.086000 -6.102000 -0.218522 -0.098697 -6.662942 -0.442650 -0.195310 -5.819158 
-0.442650 -0.195310 -5.819158 -0.477800 -0.144600 -5.821000 -0.408200 -0.086000 -6.102000 
0.563793 0.430695 -3.811936 0.540399 0.287176 -5.815853 0.513883 0.275294 -6.168555 
0.557039 0.293269 -5.826598 0.540399 0.287176 -5.815853 0.457000 -0.142400 -5.820399 
3.899199 -0.061200 -5.641399 2.254798 0.098292 -3.813909 2.267882 -0.079100 -3.767881 
-1.212426 -0.588947 -1.883614 -1.530617 -0.395417 -1.852884 -1.398515 -0.455287 -3.888103 
0.127593 -0.103484 7.189725 0.454449 -0.016576 6.277892 0.282664 0.149765 6.981711 
0.282664 0.149765 6.981711 0.003200 0.111200 7.675799 0.127593 -0.103484 7.189725 
-0.276556 0.097680 6.996702 -0.469082 0.018275 6.142818 -0.232338 -0.180396 6.658411 
-0.232338 -0.180396 6.658411 -0.077575 -0.023950 7.410739 -0.276556 0.097680 6.996702 
0.578856 0.036077 1.447575 0.712874 0.237956 2.100345 0.724501 0.239988 3.346716 
0.724501 0.239988 3.346716 0.675040 0.209928 4.414774 0.516541 0.160036 5.821216 
0.516541 0.160036 5.821216 0.454449 -0.016576 6.277892 0.344916 -0.221891 5.862267 
0.501879 -0.227834 3.062208 0.447024 -0.194086 1.911876 0.470397 -0.186796 -1.731584 
0.516541 0.160036 5.821216 0.344916 -0.221891 5.862267 0.501879 -0.227834 3.062208 
0.578856 0.036077 1.447575 0.724501 0.239988 3.346716 0.516541 0.160036 5.821216 
0.501879 -0.227834 3.062208 0.470397 -0.186796 -1.731584 0.578856 0.036077 1.447575 
0.578856 0.036077 1.447575 0.516541 0.160036 5.821216 0.501879 -0.227834 3.062208 
2.289913 0.117219 -3.726293 2.096562 0.178839 -3.825745 2.125864 0.242435 -2.951185 
2.125864 0.242435 -2.951185 2.008421 0.505359 -0.178207 2.289913 0.117219 -3.726293 
-1.863621 0.103143 -6.550670 -1.584400 -0.004600 -5.770200 -1.866649 -0.063517 -6.552988 
-0.308463 0.962652 4.224001 -0.144733 1.096612 3.838148 -0.338153 0.848030 3.746847 
2.170600 0.336400 -5.526000 2.920905 1.925709 -4.417395 2.125864 0.242435 -2.951185 
2.125864 0.242435 -2.951185 2.096562 0.178839 -3.825745 2.041577 0.078017 -6.338738 
2.170600 0.336400 -5.526000 2.125864 0.242435 -2.951185 2.041577 0.078017 -6.338738 
0.127593 -0.103484 7.189725 -0.077575 -0.023950 7.410739 -0.232338 -0.180396 6.658411 
0.021343 0.929604 5.460457 0.157280 0.625660 5.741045 0.182419 0.994896 5.098923 
0.145688 0.289540 7.082613 0.003200 0.111200 7.675799 0.282664 0.149765 6.981711 
0.282664 0.149765 6.981711 0.423918 0.346447 6.138881 0.145688 0.289540 7.082613 
2.096562 0.178839 -3.825745 2.254798 0.098292 -3.813909 2.041577 0.078017 -6.338738 
-0.308463 0.962652 4.224001 -0.114635 1.088207 4.804416 -0.144733 1.096612 3.838148 
1.219825 -0.588901 -1.863030 1.050899 -0.311149 -6.323867 1.376231 -0.130789 -6.320645 
1.376231 -0.130789 -6.320645 1.538352 -0.389022 -1.840661 1.219825 -0.588901 -1.863030 
2.453868 0.112780 0.311874 1.948545 0.086566 2.067558 1.964141 -0.015561 2.057673 
0.454449 -0.016576 6.277892 0.516541 0.160036 5.821216 0.423918 0.346447 6.138881 
0.423918 0.346447 6.138881 0.282664 0.149765 6.981711 0.454449 -0.016576 6.277892 
0.574800 0.299400 -5.820000 0.575600 -0.150600 -5.818799 0.557039 0.293269 -5.826598 
1.461121 -0.699663 0.097828 1.675278 -0.264750 0.578108 1.653800 -0.125800 1.058200 
-1.438743 0.292046 -5.390224 -1.232817 0.392778 -6.322803 -1.447673 0.073926 -6.322920 
-2.142000 0.336400 -5.526199 -1.863621 0.103143 -6.550670 -2.024800 0.089200 -6.303400 
0.157280 0.625660 5.741045 0.275231 0.542736 5.518037 0.360138 0.775492 4.941668 
0.360138 0.775492 4.941668 0.182419 0.994896 5.098923 0.157280 0.625660 5.741045 
1.441800 -0.676400 -0.970400 1.461121 -0.699663 0.097828 0.444000 -0.475600 0.566600 
0.444000 -0.475600 0.566600 0.513000 -0.473600 -0.970400 1.050899 -0.311149 -6.323867 
1.219825 -0.588901 -1.863030 1.441800 -0.676400 -0.970400 0.444000 -0.475600 0.566600 
0.444000 -0.475600 0.566600 1.050899 -0.311149 -6.323867 1.219825 -0.588901 -1.863030 
0.344916 -0.221891 5.862267 0.454449 -0.016576 6.277892 0.127593 -0.103484 7.189725 
-1.162466 0.256123 2.876430 -0.647569 0.364572 3.371114 -0.452648 0.637184 0.612010 
-0.452648 0.637184 0.612010 -0.691751 0.747258 -0.523856 -1.458708 0.632987 -0.406075 
-0.452648 0.637184 0.612010 -1.458708 0.632987 -0.406075 -1.162466 0.256123 2.876430 
0.403800 -0.088200 -6.114999 0.575600 -0.150600 -5.818799 0.718934 -0.167886 -5.321703 
0.718934 -0.167886 -5.321703 0.434802 -0.201101 -3.621403 0.471944 -0.154873 -5.525375 
0.457000 -0.142400 -5.820399 0.403800 -0.088200 -6.114999 0.718934 -0.167886 -5.321703 
0.718934 -0.167886 -5.321703 0.471944 -0.154873 -5.525375 0.457000 -0.142400 -5.820399 
-1.162466 0.256123 2.876430 -0.722032 0.242471 3.338980 -0.647569 0.364572 3.371114 
-0.174459 0.625188 5.670619 -0.097372 0.772700 5.633098 -0.313844 0.854139 4.977437 
-0.322381 0.881854 2.885777 -0.082753 0.993433 3.466168 -0.011594 0.890228 1.645924 
-0.011594 0.890228 1.645924 -0.089052 0.699248 0.082597 -0.452648 0.637184 0.612010 
-0.230450 0.794977 1.366567 -0.322381 0.881854 2.885777 -0.011594 0.890228 1.645924 
-0.011594 0.890228 1.645924 -0.452648 0.637184 0.612010 -0.230450 0.794977 1.366567 
2.170600 0.336400 -5.526000 2.783600 1.986600 -5.137000 2.785148 1.989868 -4.417473 
2.785148 1.989868 -4.417473 2.920905 1.925709 -4.417395 2.170600 0.336400 -5.526000 
0.734967 -0.023406 -6.323584 0.718934 -0.167886 -5.321703 0.663936 0.022514 -5.527240 
0.540399 0.287176 -5.815853 0.557039 0.293269 -5.826598 0.513883 0.275294 -6.168555 
-1.508538 -0.032114 -5.286341 -1.493684 0.154993 -5.347147 -1.438743 0.292046 -5.390224 
-2.387910 -0.083581 -1.690071 -2.244237 -0.081777 -3.761714 -2.075415 -0.064841 -5.006166 
-2.075415 -0.064841 -5.006166 -1.592798 -0.186404 -4.257932 -1.659619 -0.210194 -2.371334 
-2.075415 -0.064841 -5.006166 -1.659619 -0.210194 -2.371334 -2.387910 -0.083581 -1.690071 
1.354731 0.558244 -4.013090 1.481584 0.473883 -1.820540 1.511587 0.166160 -5.348820 
1.511587 0.166160 -5.348820 1.306521 0.339080 -6.322856 1.354731 0.558244 -4.013090 
0.135766 0.990207 3.497578 0.042292 1.135403 3.826046 0.281529 1.034339 3.991560 
2.448000 -0.036009 0.300581 2.453868 0.112780 0.311874 1.964141 -0.015561 2.057673 
0.027650 0.645285 5.798279 0.021343 0.929604 5.460457 -0.097372 0.772700 5.633098 
0.447024 -0.194086 1.911876 0.501879 -0.227834 3.062208 0.344916 -0.221891 5.862267 
0.344916 -0.221891 5.862267 0.127593 -0.103484 7.189725 -0.232338 -0.180396 6.658411 
-0.232338 -0.180396 6.658411 -0.355571 -0.214885 5.843321 -0.479681 -0.223302 3.861237 
-0.467446 -0.184449 -1.687479 -0.494589 -0.197595 -4.090051 -0.442650 -0.195310 -5.819158 
-0.232338 -0.180396 6.658411 -0.479681 -0.223302 3.861237 -0.467446 -0.184449 -1.687479 
0.447024 -0.194086 1.911876 0.344916 -0.221891 5.862267 -0.232338 -0.180396 6.658411 
0.220938 -0.104413 -6.643860 0.436369 -0.187731 -5.921617 0.434802 -0.201101 -3.621403 
0.434802 -0.201101 -3.621403 0.447024 -0.194086 1.911876 -0.232338 -0.180396 6.658411 
-0.232338 -0.180396 6.658411 -0.467446 -0.184449 -1.687479 -0.442650 -0.195310 -5.819158 
-0.442650 -0.195310 -5.819158 -0.218522 -0.098697 -6.662942 0.220938 -0.104413 -6.643860 
0.220938 -0.104413 -6.643860 0.434802 -0.201101 -3.621403 -0.232338 -0.180396 6.658411 
-0.232338 -0.180396 6.658411 -0.442650 -0.195310 -5.819158 0.220938 -0.104413 -6.643860 
-0.174459 0.625188 5.670619 -0.376253 0.479699 4.923281 -0.262467 0.517892 6.088520 
-1.458708 0.632987 -0.406075 -2.037163 0.473596 -0.098247 -1.963815 0.053513 2.029100 
-2.440871 -0.079359 0.319217 -2.387910 -0.083581 -1.690071 -1.530617 -0.395417 -1.852884 
-1.530617 -0.395417 -1.852884 -1.680400 -0.282200 0.499200 -2.440871 -0.079359 0.319217 
-2.884400 -0.084200 -4.389200 -2.267061 0.115680 -3.706908 -2.244237 -0.081777 -3.761714 
-0.156750 0.290861 7.075234 0.003200 0.111200 7.675799 0.145688 0.289540 7.082613 
0.145688 0.289540 7.082613 0.027650 0.645285 5.798279 -0.156750 0.290861 7.075234 
-2.006200 0.400400 -5.526199 -2.142000 0.336400 -5.526199 -2.890600 1.922200 -5.137000 
-0.667273 0.101045 -5.394643 -0.699047 -0.147000 -5.261734 -0.778539 -0.121825 -6.323429 
-0.778539 -0.121825 -6.323429 -0.743600 0.108200 -6.322999 -0.667273 0.101045 -5.394643 
0.182419 0.994896 5.098923 0.281529 1.034339 3.991560 0.044029 1.155868 4.412784 
2.885200 0.115200 -4.389200 2.885200 -0.084200 -4.389000 2.289913 0.117219 -3.726293 
-0.097372 0.772700 5.633098 -0.174459 0.625188 5.670619 0.027650 0.645285 5.798279 
0.413867 0.462760 4.719697 0.275231 0.542736 5.518037 0.516541 0.160036 5.821216 
0.675040 0.209928 4.414774 0.349397 0.853824 3.744805 0.413867 0.462760 4.719697 
0.413867 0.462760 4.719697 0.516541 0.160036 5.821216 0.675040 0.209928 4.414774 
5.365399 0.115200 -2.826000 5.365200 -0.084400 -2.826000 5.355199 -0.084200 -3.675200 
5.355199 -0.084200 -3.675200 5.355399 0.115200 -3.674999 5.365399 0.115200 -2.826000 
2.254798 0.098292 -3.813909 2.096562 0.178839 -3.825745 2.289913 0.117219 -3.726293 
-0.699047 -0.147000 -5.261734 -0.494589 -0.197595 -4.090051 -0.512800 -0.473600 -0.970600 
-0.512800 -0.473600 -0.970600 -0.761791 -0.514975 -1.964326 -0.687259 -0.423536 -3.988986 
-0.687259 -0.423536 -3.988986 -0.909011 -0.321888 -5.492285 -0.996200 -0.285200 -6.323800 
-0.996200 -0.285200 -6.323800 -0.778539 -0.121825 -6.323429 -0.699047 -0.147000 -5.261734 
-0.699047 -0.147000 -5.261734 -0.512800 -0.473600 -0.970600 -0.687259 -0.423536 -3.988986 
-0.699047 -0.147000 -5.261734 -0.687259 -0.423536 -3.988986 -0.996200 -0.285200 -6.323800 
1.511587 0.166160 -5.348820 1.517498 -0.028103 -5.234761 1.434400 0.108800 -6.322999 
-0.313844 0.854139 4.977437 -0.308463 0.962652 4.224001 -0.338153 0.848030 3.746847 
-0.338153 0.848030 3.746847 -0.376253 0.479699 4.923281 -0.313844 0.854139 4.977437 
1.511587 0.166160 -5.348820 1.434400 0.108800 -6.322999 1.306521 0.339080 -6.322856 
-0.467446 -0.184449 -1.687479 -0.604793 0.070556 1.530309 -0.444000 -0.476000 0.565600 
3.672412 0.087747 -6.240517 3.899199 0.088800 -5.641399 3.899199 -0.061200 -5.641399 
3.899199 -0.061200 -5.641399 3.672199 -0.061200 -6.240799 3.672412 0.087747 -6.240517 
-0.733064 0.331883 -5.185515 -0.667273 0.101045 -5.394643 -0.743600 0.108200 -6.322999 
-0.743600 0.108200 -6.322999 -0.871353 0.337830 -6.322796 -0.733064 0.331883 -5.185515 
-0.722032 0.242471 3.338980 -1.778929 -0.011124 2.216847 -1.965210 -0.026341 1.373405 
-1.965210 -0.026341 1.373405 -0.692789 0.232991 2.048372 -0.722032 0.242471 3.338980 
-0.313844 0.854139 4.977437 -0.114635 1.088207 4.804416 -0.308463 0.962652 4.224001 
2.008421 0.505359 -0.178207 1.634220 0.600616 -0.355623 1.948545 0.086566 2.067558 
-0.114635 1.088207 4.804416 0.044029 1.155868 4.412784 0.042292 1.135403 3.826046 
0.042292 1.135403 3.826046 -0.144733 1.096612 3.838148 -0.114635 1.088207 4.804416 
2.375380 -0.084862 -1.761573 1.644855 -0.211138 -2.330462 1.581191 -0.196812 -4.259318 
1.581191 -0.196812 -4.259318 2.150259 -0.063088 -4.746455 2.267882 -0.079100 -3.767881 
1.581191 -0.196812 -4.259318 2.267882 -0.079100 -3.767881 2.375380 -0.084862 -1.761573 
2.448000 -0.036009 0.300581 5.365200 -0.084400 -2.826000 5.365399 0.115200 -2.826000 
5.365399 0.115200 -2.826000 2.453868 0.112780 0.311874 2.448000 -0.036009 0.300581 
1.981532 0.281308 -2.935020 2.125864 0.242435 -2.951185 2.920905 1.925709 -4.417395 
2.920905 1.925709 -4.417395 2.785148 1.989868 -4.417473 1.981532 0.281308 -2.935020 
-0.011594 0.890228 1.645924 0.429877 0.642053 0.674508 -0.089052 0.699248 0.082597 
-1.438593 0.510414 -3.920832 -1.255556 0.439375 -5.389668 -1.232817 0.392778 -6.322803 
-1.232817 0.392778 -6.322803 -1.438743 0.292046 -5.390224 -1.438593 0.510414 -3.920832 
0.044029 1.155868 4.412784 0.281529 1.034339 3.991560 0.042292 1.135403 3.826046 
-1.255556 0.439375 -5.389668 -1.438593 0.510414 -3.920832 -1.436186 0.504181 -1.556927 
-1.436186 0.504181 -1.556927 -1.148677 0.635097 -3.850017 -1.255556 0.439375 -5.389668 
-0.144733 1.096612 3.838148 0.042292 1.135403 3.826046 -0.082753 0.993433 3.466168 
-0.733064 0.331883 -5.185515 -0.561177 0.293648 -5.828075 -0.004401 0.140548 -7.211287 
-0.004401 0.140548 -7.211287 -0.218522 -0.098697 -6.662942 -0.408200 -0.086000 -6.102000 
-0.408200 -0.086000 -6.102000 -0.556800 -0.150600 -5.818600 -0.699047 -0.147000 -5.261734 
-0.667273 0.101045 -5.394643 -0.733064 0.331883 -5.185515 -0.004401 0.140548 -7.211287 
-0.408200 -0.086000 -6.102000 -0.699047 -0.147000 -5.261734 -0.667273 0.101045 -5.394643 
-0.004401 0.140548 -7.211287 -0.408200 -0.086000 -6.102000 -0.667273 0.101045 -5.394643 
0.434802 -0.201101 -3.621403 0.552252 -0.351062 -1.992374 0.470397 -0.186796 -1.731584 
-1.508538 -0.032114 -5.286341 -1.447673 0.073926 -6.322920 -1.287974 -0.247264 -6.323575 
-1.441200 -0.676400 -0.969800 -1.530617 -0.395417 -1.852884 -1.212426 -0.588947 -1.883614 
0.275231 0.542736 5.518037 0.413867 0.462760 4.719697 0.360138 0.775492 4.941668 
-1.508538 -0.032114 -5.286341 -1.438743 0.292046 -5.390224 -1.447673 0.073926 -6.322920 
-0.442650 -0.195310 -5.819158 -0.494589 -0.197595 -4.090051 -0.458809 -0.152411 -5.524079 
-0.458809 -0.152411 -5.524079 -0.561177 0.293648 -5.828075 -0.442650 -0.195310 -5.819158 
-2.267061 0.115680 -3.706908 -4.795400 0.115200 -4.080000 -5.355000 0.115200 -3.674800 
-5.355000 0.115200 -3.674800 -5.364200 0.115200 -2.825600 -2.427932 0.112483 0.323810 
-5.355000 0.115200 -3.674800 -2.427932 0.112483 0.323810 -2.267061 0.115680 -3.706908 
-1.447673 0.073926 -6.322920 -1.232817 0.392778 -6.322803 -0.871353 0.337830 -6.322796 
-0.871353 0.337830 -6.322796 -0.743600 0.108200 -6.322999 -0.778539 -0.121825 -6.323429 
-0.778539 -0.121825 -6.323429 -0.996200 -0.285200 -6.323800 -1.287974 -0.247264 -6.323575 
-1.287974 -0.247264 -6.323575 -1.447673 0.073926 -6.322920 -0.871353 0.337830 -6.322796 
-0.871353 0.337830 -6.322796 -0.778539 -0.121825 -6.323429 -1.287974 -0.247264 -6.323575 
-2.147200 0.005000 1.333200 -1.778929 -0.011124 2.216847 -1.963815 0.053513 2.029100 
3.899199 -0.061200 -5.641399 3.899199 0.088800 -5.641399 2.254798 0.098292 -3.813909 
2.453868 0.112780 0.311874 5.365399 0.115200 -2.826000 5.355399 0.115200 -3.674999 
5.355399 0.115200 -3.674999 4.795599 0.115200 -4.080000 2.885200 0.115200 -4.389200 
2.885200 0.115200 -4.389200 2.289913 0.117219 -3.726293 2.453868 0.112780 0.311874 
5.355399 0.115200 -3.674999 2.885200 0.115200 -4.389200 2.453868 0.112780 0.311874 
-1.680400 -0.282200 0.499200 -1.461741 -0.699768 0.097328 -1.655587 -0.149830 1.004308 
0.734967 -0.023406 -6.323584 0.663936 0.022514 -5.527240 0.731909 0.297329 -5.326472 
0.731909 0.297329 -5.326472 0.829000 0.295400 -6.322800 0.734967 -0.023406 -6.323584 
-5.355000 0.115200 -3.674800 -5.355000 -0.084200 -3.674600 -5.364200 -0.084200 -2.825400 
-5.364200 -0.084200 -2.825400 -5.364200 0.115200 -2.825600 -5.355000 0.115200 -3.674800 
1.964141 -0.015561 2.057673 0.664373 0.360154 3.370796 0.724501 0.239988 3.346716 
1.050899 -0.311149 -6.323867 0.513000 -0.473600 -0.970400 0.552252 -0.351062 -1.992374 
0.552252 -0.351062 -1.992374 0.434802 -0.201101 -3.621403 0.718934 -0.167886 -5.321703 
0.718934 -0.167886 -5.321703 0.734967 -0.023406 -6.323584 1.050899 -0.311149 -6.323867 
0.552252 -0.351062 -1.992374 0.718934 -0.167886 -5.321703 1.050899 -0.311149 -6.323867 
0.281529 1.034339 3.991560 0.349397 0.853824 3.744805 0.135766 0.990207 3.497578 
0.557039 0.293269 -5.826598 0.575600 -0.150600 -5.818799 0.403800 -0.088200 -6.114999 
-1.530617 -0.395417 -1.852884 -1.659619 -0.210194 -2.371334 -1.592798 -0.186404 -4.257932 
-1.592798 -0.186404 -4.257932 -1.508538 -0.032114 -5.286341 -1.287974 -0.247264 -6.323575 
-1.287974 -0.247264 -6.323575 -1.264748 -0.309004 -5.720267 -1.398515 -0.455287 -3.888103 
-1.398515 -0.455287 -3.888103 -1.530617 -0.395417 -1.852884 -1.592798 -0.186404 -4.257932 
-1.592798 -0.186404 -4.257932 -1.287974 -0.247264 -6.323575 -1.398515 -0.455287 -3.888103 
-2.037163 0.473596 -0.098247 -2.267061 0.115680 -3.706908 -2.427932 0.112483 0.323810 
0.436369 -0.187731 -5.921617 0.471944 -0.154873 -5.525375 0.434802 -0.201101 -3.621403 
3.672412 0.087747 -6.240517 3.672199 -0.061200 -6.240799 1.913829 -0.072776 -6.549613 
1.913829 -0.072776 -6.549613 1.892069 0.102141 -6.552372 3.672412 0.087747 -6.240517 
-2.267061 0.115680 -3.706908 -2.236622 0.095668 -3.793211 -2.244237 -0.081777 -3.761714 
-0.561177 0.293648 -5.828075 -0.201247 0.322696 -6.321646 -0.004401 0.140548 -7.211287 
-1.963815 0.053513 2.029100 -2.037163 0.473596 -0.098247 -2.427932 0.112483 0.323810 
-0.467446 -0.184449 -1.687479 -0.444000 -0.476000 0.565600 -0.512800 -0.473600 -0.970600 
-0.512800 -0.473600 -0.970600 -0.494589 -0.197595 -4.090051 -0.467446 -0.184449 -1.687479 
-1.162466 0.256123 2.876430 -1.963815 0.053513 2.029100 -1.778929 -0.011124 2.216847 
-1.778929 -0.011124 2.216847 -0.722032 0.242471 3.338980 -1.162466 0.256123 2.876430 
0.557039 0.293269 -5.826598 0.403800 -0.088200 -6.114999 0.513883 0.275294 -6.168555 
-0.338153 0.848030 3.746847 -0.082753 0.993433 3.466168 -0.322381 0.881854 2.885777 
-1.629935 0.255543 -3.891646 -1.493684 0.154993 -5.347147 -1.863621 0.103143 -6.550670 
-1.951170 0.280535 -2.914945 -2.098262 0.244772 -2.968143 -2.037163 0.473596 -0.098247 
-1.629935 0.255543 -3.891646 -1.863621 0.103143 -6.550670 -1.951170 0.280535 -2.914945 
-0.917892 0.598273 -1.646437 -1.148677 0.635097 -3.850017 -1.436186 0.504181 -1.556927 
-1.436186 0.504181 -1.556927 -1.629935 0.255543 -3.891646 -1.951170 0.280535 -2.914945 
-1.951170 0.280535 -2.914945 -2.037163 0.473596 -0.098247 -1.458708 0.632987 -0.406075 
-0.691751 0.747258 -0.523856 -0.639132 0.495023 -3.042520 -0.917892 0.598273 -1.646437 
-1.436186 0.504181 -1.556927 -1.951170 0.280535 -2.914945 -1.458708 0.632987 -0.406075 
-0.691751 0.747258 -0.523856 -0.917892 0.598273 -1.646437 -1.436186 0.504181 -1.556927 
-1.436186 0.504181 -1.556927 -1.458708 0.632987 -0.406075 -0.691751 0.747258 -0.523856 
-1.441200 -0.676400 -0.969800 -1.461741 -0.699768 0.097328 -1.680400 -0.282200 0.499200 
-1.680400 -0.282200 0.499200 -1.530617 -0.395417 -1.852884 -1.441200 -0.676400 -0.969800 
0.042292 1.135403 3.826046 0.135766 0.990207 3.497578 -0.082753 0.993433 3.466168 
-5.364200 0.115200 -2.825600 -5.364200 -0.084200 -2.825400 -2.440871 -0.079359 0.319217 
-2.440871 -0.079359 0.319217 -2.427932 0.112483 0.323810 -5.364200 0.115200 -2.825600 
-1.863621 0.103143 -6.550670 -1.493684 0.154993 -5.347147 -1.584400 -0.004600 -5.770200 
0.731909 0.297329 -5.326472 0.574800 0.299400 -5.820000 0.540399 0.287176 -5.815853 
-1.680400 -0.282200 0.499200 -2.420200 0.005800 0.368600 -2.440871 -0.079359 0.319217 
1.892069 0.102141 -6.552372 2.035000 0.400600 -5.526199 2.041577 0.078017 -6.338738 
-2.061000 0.161937 -3.888983 -2.236622 0.095668 -3.793211 -2.267061 0.115680 -3.706908 
-4.795599 -0.084200 -4.080000 -4.795400 0.115200 -4.080000 -2.267061 0.115680 -3.706908 
-2.267061 0.115680 -3.706908 -2.884400 -0.084200 -4.389200 -4.795599 -0.084200 -4.080000 
-0.917892 0.598273 -1.646437 -0.824908 0.588015 -3.980242 -1.036538 0.484460 -5.245978 
-1.036538 0.484460 -5.245978 -1.148677 0.635097 -3.850017 -0.917892 0.598273 -1.646437 
1.913829 -0.072776 -6.549613 1.611000 -0.004600 -5.770200 1.892069 0.102141 -6.552372 
-0.156750 0.290861 7.075234 -0.262467 0.517892 6.088520 -0.521911 0.171242 5.941269 
-0.521911 0.171242 5.941269 -0.276556 0.097680 6.996702 0.003200 0.111200 7.675799 
-0.156750 0.290861 7.075234 -0.521911 0.171242 5.941269 0.003200 0.111200 7.675799 
-0.077575 -0.023950 7.410739 0.003200 0.111200 7.675799 -0.276556 0.097680 6.996702 
-0.647569 0.364572 3.371114 -0.722032 0.242471 3.338980 -0.521911 0.171242 5.941269 
-0.521911 0.171242 5.941269 -0.262467 0.517892 6.088520 -0.376253 0.479699 4.923281 
-0.376253 0.479699 4.923281 -0.338153 0.848030 3.746847 -0.322381 0.881854 2.885777 
-0.351285 0.702065 1.733676 -0.452648 0.637184 0.612010 -0.647569 0.364572 3.371114 
-0.376253 0.479699 4.923281 -0.322381 0.881854 2.885777 -0.351285 0.702065 1.733676 
-0.647569 0.364572 3.371114 -0.521911 0.171242 5.941269 -0.376253 0.479699 4.923281 
-0.647569 0.364572 3.371114 -0.376253 0.479699 4.923281 -0.351285 0.702065 1.733676 
-0.322381 0.881854 2.885777 -0.230450 0.794977 1.366567 -0.351285 0.702065 1.733676 
-0.232338 -0.180396 6.658411 -0.469082 0.018275 6.142818 -0.355571 -0.214885 5.843321 
0.540399 0.287176 -5.815853 0.471944 -0.154873 -5.525375 0.458600 -0.135200 -5.536399 
1.581191 -0.196812 -4.259318 1.644855 -0.211138 -2.330462 1.538352 -0.389022 -1.840661 
1.538352 -0.389022 -1.840661 1.376231 -0.130789 -6.320645 1.581191 -0.196812 -4.259318 
0.447024 -0.194086 1.911876 0.434802 -0.201101 -3.621403 0.470397 -0.186796 -1.731584 
2.008421 0.505359 -0.178207 1.948545 0.086566 2.067558 2.453868 0.112780 0.311874 
0.513883 0.275294 -6.168555 0.220938 -0.104413 -6.643860 -0.004401 0.140548 -7.211287 
1.441800 -0.676400 -0.970400 1.538352 -0.389022 -1.840661 1.675278 -0.264750 0.578108 
1.675278 -0.264750 0.578108 1.461121 -0.699663 0.097828 1.441800 -0.676400 -0.970400 
0.574800 0.299400 -5.820000 0.557039 0.293269 -5.826598 0.457000 -0.142400 -5.820399 
0.574800 0.299400 -5.820000 0.575600 -0.150600 -5.818799 0.457000 -0.142400 -5.820399 
