-0.300241 1.363213 30.498857 0.605691 1.291450 30.505417 0.839773 1.798744 29.896013 
0.839773 1.798744 29.896013 -0.183561 1.937309 29.896013 -0.300241 1.363213 30.498857 
1.656724 1.167076 29.896013 0.839773 1.798744 29.896013 1.198313 0.847581 30.505495 
-0.183561 1.937309 29.896013 -0.936545 1.668689 29.901180 -0.300241 1.363213 30.498857 
-1.132467 0.757064 30.503761 -0.300241 1.363213 30.498857 -0.936545 1.668689 29.901180 
-1.909309 -0.294643 29.896013 -1.640689 -1.047628 29.901180 -1.217540 -0.697626 30.501785 
-1.359610 0.021007 30.507982 -1.132467 0.757064 30.503761 -1.839929 0.500103 29.900665 
-1.839929 0.500103 29.900665 -1.909309 -0.294643 29.896013 -1.359610 0.021007 30.507982 
1.495848 0.128761 30.505777 1.358701 -0.686508 30.505733 1.909826 -0.811774 29.896015 
1.909826 -0.811774 29.896015 2.048390 0.211559 29.896013 1.495848 0.128761 30.505777 
1.198313 0.847581 30.505495 1.495848 0.128761 30.505777 2.048390 0.211559 29.896013 
2.048390 0.211559 29.896013 1.656724 1.167076 29.896013 1.198313 0.847581 30.505495 
1.278159 -1.628725 29.896013 1.909826 -0.811774 29.896015 1.358701 -0.686508 30.505733 
1.358701 -0.686508 30.505733 0.807728 -1.275458 30.504301 1.278159 -1.628725 29.896013 
0.322641 -2.020392 29.896013 1.278159 -1.628725 29.896013 0.807728 -1.275458 30.504301 
-0.729422 -1.229134 30.506929 -1.217540 -0.697626 30.501785 -0.922058 -1.791343 29.886391 
-0.922058 -1.791343 29.886391 0.322641 -2.020392 29.896013 -0.000733 -1.481571 30.505957 
-0.000733 -1.481571 30.505957 -0.729422 -1.229134 30.506929 -0.922058 -1.791343 29.886391 
0.839773 1.798744 29.896013 0.605691 1.291450 30.505417 1.198313 0.847581 30.505495 
-1.909309 -0.294643 29.896013 -1.217540 -0.697626 30.501785 -1.359610 0.021007 30.507982 
0.322641 -2.020392 29.896013 0.807728 -1.275458 30.504301 -0.000733 -1.481571 30.505957 
-1.132467 0.757064 30.503761 -0.936545 1.668689 29.901180 -1.512491 1.172493 29.896343 
-1.217540 -0.697626 30.501785 -1.640689 -1.047628 29.901180 -0.922058 -1.791343 29.886391 
-1.132467 0.757064 30.503761 -1.512491 1.172493 29.896343 -1.839929 0.500103 29.900665 
