0.386020 0.014350 31.067301 1.131103 0.973424 31.057501 0.147981 0.278299 31.067301 
0.271253 -0.300884 31.067301 1.504511 -0.447719 31.056957 0.386020 0.014350 31.067301 
0.386020 0.014350 31.067301 1.463779 0.403073 31.056311 1.131103 0.973424 31.057501 
-0.078347 -0.313912 31.067301 -0.757716 -1.251512 31.056957 0.175489 -1.511952 31.056559 
-0.646222 1.214419 30.679979 -0.288520 1.351592 30.671444 -0.911904 1.000732 30.671095 
-1.356877 0.147481 30.679979 -1.277495 0.455267 30.671289 -1.358207 -0.185794 30.672615 
0.273138 1.431079 31.056818 0.147981 0.278299 31.067301 1.131103 0.973424 31.057501 
-0.288520 1.351592 30.671444 -0.616984 1.208841 30.662598 -0.911904 1.000732 30.671095 
-1.311893 -0.513449 31.057241 -0.221212 -0.106340 31.067301 -1.293188 0.527154 31.057005 
1.504511 -0.447719 31.056957 0.271253 -0.300884 31.067301 0.967641 -1.199765 31.057030 
0.652537 -1.372510 30.673975 0.307142 -1.466356 30.671972 0.897518 -1.228590 30.671364 
0.967641 -1.199765 31.057030 0.271253 -0.300884 31.067301 0.175489 -1.511952 31.056559 
-1.288853 -0.492504 30.670498 -1.171477 -0.737431 30.662598 -0.942717 -1.055702 30.671289 
-1.311893 -0.513449 31.057241 -0.078347 -0.313912 31.067301 -0.221212 -0.106340 31.067301 
-0.942717 -1.055702 30.671289 -1.164554 -0.785803 30.679979 -1.288853 -0.492504 30.670498 
0.147981 0.278299 31.067301 0.273138 1.431079 31.056818 -0.651023 1.222733 31.057030 
-0.181273 0.132305 31.067301 -0.651023 1.222733 31.057030 -1.293188 0.527154 31.057005 
-0.221212 -0.106340 31.067301 -0.181273 0.132305 31.067301 -1.293188 0.527154 31.057005 
0.386020 0.014350 31.067301 1.504511 -0.447719 31.056957 1.463779 0.403073 31.056311 
-0.651023 1.222733 31.057030 -0.181273 0.132305 31.067301 0.147981 0.278299 31.067301 
1.527290 -0.041542 30.679979 1.464834 -0.464816 30.670301 1.493766 0.224416 30.668602 
-1.311893 -0.513449 31.057241 -0.757716 -1.251512 31.056957 -0.078347 -0.313912 31.067301 
0.175489 -1.511952 31.056559 0.271253 -0.300884 31.067301 -0.078347 -0.313912 31.067301 
