0.305628 1.400110 30.679979 0.282373 1.403793 31.051786 0.976524 1.103740 31.051786 
1.150615 0.970195 30.679979 0.976524 1.103740 31.051786 1.427653 0.496807 31.051786 
-0.446829 1.325008 30.679979 -0.468810 1.316570 31.051786 0.282373 1.403793 31.051786 
-1.060924 0.883740 30.679979 -1.075740 0.865443 31.051786 -0.468810 1.316570 31.051786 
-1.297009 -0.557912 30.679979 -1.194034 -0.750765 31.051786 -1.410959 -0.016317 31.051786 
-1.372111 0.194545 30.679979 -1.410959 -0.016317 31.051786 -1.075740 0.865443 31.051786 
1.326606 -0.823921 30.679979 1.514875 -0.254372 31.051786 1.315533 -0.781218 31.051786 
1.523174 0.103538 30.679979 1.427653 0.496807 31.051786 1.514875 -0.254372 31.051786 
1.326606 -0.823921 30.679979 1.315533 -0.781218 31.051786 0.787948 -1.336303 31.051786 
0.585912 -1.408091 30.679981 0.787948 -1.336303 31.051786 -0.143290 -1.486876 31.051786 
-0.855742 -1.172005 30.679979 -0.837445 -1.186822 31.051786 -1.194034 -0.750765 31.051786 
-0.166545 -1.483194 30.679979 -0.143290 -1.486876 31.051786 -0.837445 -1.186822 31.051786 
1.150615 0.970195 30.679979 0.305628 1.400110 30.679979 0.976524 1.103740 31.051786 
0.305628 1.400110 30.679979 -0.446829 1.325008 30.679979 0.282373 1.403793 31.051786 
-0.446829 1.325008 30.679979 -1.060924 0.883740 30.679979 -0.468810 1.316570 31.051786 
-1.372111 0.194545 30.679979 -1.297009 -0.557912 30.679979 -1.410959 -0.016317 31.051786 
-1.060924 0.883740 30.679979 -1.372111 0.194545 30.679979 -1.075740 0.865443 31.051786 
1.326606 -0.823921 30.679979 1.523174 0.103538 30.679979 1.514875 -0.254372 31.051786 
1.523174 0.103538 30.679979 1.150615 0.970195 30.679979 1.427653 0.496807 31.051786 
0.585912 -1.408091 30.679981 1.326606 -0.823921 30.679979 0.787948 -1.336303 31.051786 
-0.166545 -1.483194 30.679979 0.585912 -1.408091 30.679981 -0.143290 -1.486876 31.051786 
-1.297009 -0.557912 30.679979 -0.855742 -1.172005 30.679979 -1.194034 -0.750765 31.051786 
-0.855742 -1.172005 30.679979 -0.166545 -1.483194 30.679979 -0.837445 -1.186822 31.051786 
