-0.579035 -0.240921 38.289242 -0.600842 -0.143229 38.252247 -0.575014 -0.241650 38.235001 
0.069553 0.532879 38.135712 0.018844 0.638939 38.252205 0.119936 0.635470 38.234879 
-0.351487 -0.573908 38.289402 -0.427466 -0.505758 38.251938 -0.351054 -0.572372 38.235023 
0.515718 -0.399659 38.135674 0.628329 -0.425055 38.253407 0.565382 -0.504681 38.253422 
0.019812 -0.721200 38.289055 -0.081772 -0.707468 38.259846 0.019098 -0.718449 38.234951 
-0.186585 -0.281754 38.908737 -0.276727 -0.093592 38.896507 -0.020142 -0.408453 38.819286 
0.390991 -0.516052 38.135750 0.490022 -0.572243 38.234955 0.408251 -0.632338 38.258434 
-0.351487 -0.573908 38.289402 -0.081772 -0.707468 38.259846 0.019812 -0.721200 38.289055 
0.019812 -0.721200 38.289055 0.120526 -0.726373 38.439892 -0.430598 -0.508650 38.439892 
-0.430598 -0.508650 38.439892 -0.490297 -0.426242 38.289196 -0.351487 -0.573908 38.289402 
0.019812 -0.721200 38.289055 -0.430598 -0.508650 38.439892 -0.351487 -0.573908 38.289402 
-0.098874 0.507559 38.135876 -0.176811 0.590270 38.234951 -0.081342 0.624293 38.253456 
-0.540541 0.254261 38.258251 -0.575049 0.158621 38.235031 -0.576063 0.158588 38.289333 
0.220567 0.624260 38.253456 0.237754 0.507340 38.135727 0.069553 0.532879 38.135712 
0.069553 0.532879 38.135712 0.119936 0.635470 38.234879 0.220567 0.624260 38.253456 
0.663760 0.306755 38.448441 0.629688 0.341180 38.288780 0.566863 0.421451 38.289093 
0.566863 0.421451 38.289093 0.491494 0.491090 38.257317 0.407287 0.547874 38.289230 
0.407287 0.547874 38.289230 0.410675 0.553204 38.439892 0.663760 0.306755 38.448441 
0.566863 0.421451 38.289093 0.407287 0.547874 38.289230 0.663760 0.306755 38.448441 
0.746531 -0.041490 38.257111 0.739851 0.060487 38.259254 0.629688 0.341180 38.288780 
0.629688 0.341180 38.288780 0.663760 0.306755 38.448441 0.744189 -0.143897 38.439892 
0.744189 -0.143897 38.439892 0.716874 -0.241827 38.289032 0.746531 -0.041490 38.257111 
0.629688 0.341180 38.288780 0.744189 -0.143897 38.439892 0.746531 -0.041490 38.257111 
-0.608843 -0.041551 38.255047 -0.600871 0.059955 38.252419 -0.494523 0.044073 38.135891 
-0.494523 0.044073 38.135891 -0.501272 -0.041582 38.135838 -0.608843 -0.041551 38.255047 
0.401198 -0.149918 38.896564 0.405481 0.134325 38.817623 0.415217 -0.092343 38.908710 
-0.108672 0.261218 38.903633 -0.276727 -0.093592 38.896507 -0.245125 0.110989 38.908669 
0.491494 0.491090 38.257317 0.406738 0.546321 38.234955 0.407287 0.547874 38.289230 
-0.475533 -0.210807 38.135857 -0.494153 -0.127049 38.135918 -0.501272 -0.041582 38.135838 
-0.501272 -0.041582 38.135838 -0.494523 0.044073 38.135891 -0.475556 0.127741 38.135918 
-0.475556 0.127741 38.135918 -0.444405 0.207627 38.135925 -0.315294 0.145004 38.018482 
-0.315294 0.145004 38.018482 -0.113542 -0.424420 37.992252 -0.318650 -0.462592 38.135689 
-0.318650 -0.462592 38.135689 -0.424680 -0.328715 38.135674 -0.475533 -0.210807 38.135857 
-0.475533 -0.210807 38.135857 -0.501272 -0.041582 38.135838 -0.475556 0.127741 38.135918 
-0.475556 0.127741 38.135918 -0.315294 0.145004 38.018482 -0.318650 -0.462592 38.135689 
-0.475556 0.127741 38.135918 -0.318650 -0.462592 38.135689 -0.475533 -0.210807 38.135857 
-0.318650 -0.462592 38.135689 -0.113542 -0.424420 37.992252 0.069528 -0.615961 38.135712 
0.069528 -0.615961 38.135712 -0.098521 -0.590160 38.135490 -0.215741 -0.539075 38.136002 
0.069528 -0.615961 38.135712 -0.215741 -0.539075 38.136002 -0.318650 -0.462592 38.135689 
-0.081342 0.624293 38.253456 -0.176811 0.590270 38.234951 -0.177140 0.594324 38.288807 
-0.576063 0.158588 38.289333 -0.579035 -0.240921 38.289242 -0.603643 -0.207772 38.444859 
-0.603643 -0.207772 38.444859 -0.430597 0.425570 38.439892 -0.427364 0.422294 38.258438 
-0.427364 0.422294 38.258438 -0.540541 0.254261 38.258251 -0.576063 0.158588 38.289333 
-0.576063 0.158588 38.289333 -0.603643 -0.207772 38.444859 -0.427364 0.422294 38.258438 
0.237739 -0.590424 38.135651 0.317537 -0.677570 38.252277 0.220736 -0.706961 38.259094 
0.220567 0.624260 38.253456 0.119936 0.635470 38.234879 0.120017 0.636372 38.289162 
-0.490297 -0.426242 38.289196 -0.539869 -0.337009 38.253433 -0.487957 -0.424136 38.235191 
-0.376637 0.316577 38.135674 -0.490306 0.342691 38.250385 -0.427364 0.422294 38.258438 
-0.268624 0.548031 38.254749 -0.351078 0.489474 38.235050 -0.352155 0.491771 38.289196 
-0.186585 -0.281754 38.908737 -0.020142 -0.408453 38.819286 0.095323 -0.392159 38.908817 
0.220736 -0.706961 38.259094 0.408251 -0.632338 38.258434 0.492236 -0.573897 38.289055 
0.492236 -0.573897 38.289055 0.608106 -0.472742 38.446747 0.120526 -0.726373 38.439892 
0.120526 -0.726373 38.439892 0.019812 -0.721200 38.289055 0.220736 -0.706961 38.259094 
0.492236 -0.573897 38.289055 0.120526 -0.726373 38.439892 0.220736 -0.706961 38.259094 
0.628329 -0.425055 38.253407 0.677297 -0.336173 38.235035 0.679670 -0.338558 38.289001 
-0.251831 0.432777 38.135590 -0.351078 0.489474 38.235050 -0.268624 0.548031 38.254749 
0.629688 0.341180 38.288780 0.680361 0.254525 38.252243 0.626763 0.340806 38.234959 
0.408251 -0.632338 38.258434 0.490022 -0.572243 38.234955 0.492236 -0.573897 38.289055 
-0.268624 0.548031 38.254749 -0.176811 0.590270 38.234951 -0.098874 0.507559 38.135876 
-0.098874 0.507559 38.135876 -0.251831 0.432777 38.135590 -0.268624 0.548031 38.254749 
-0.268624 0.548031 38.254749 -0.177140 0.594324 38.288807 -0.176811 0.590270 38.234951 
-0.081342 0.624293 38.253456 0.018844 0.638939 38.252205 0.069553 0.532879 38.135712 
0.069553 0.532879 38.135712 -0.098874 0.507559 38.135876 -0.081342 0.624293 38.253456 
0.317537 -0.677570 38.252277 0.408251 -0.632338 38.258434 0.220736 -0.706961 38.259094 
0.069528 -0.615961 38.135712 0.120047 -0.720032 38.253593 0.019098 -0.718449 38.234951 
0.716874 -0.241827 38.289032 0.714000 -0.241615 38.234993 0.738351 -0.143017 38.251961 
-0.576063 0.158588 38.289333 -0.575049 0.158621 38.235031 -0.600871 0.059955 38.252419 
-0.608843 -0.041551 38.255047 -0.600842 -0.143229 38.252247 -0.579035 -0.240921 38.289242 
-0.579035 -0.240921 38.289242 -0.576063 0.158588 38.289333 -0.600871 0.059955 38.252419 
-0.579035 -0.240921 38.289242 -0.600871 0.059955 38.252419 -0.608843 -0.041551 38.255047 
-0.600842 -0.143229 38.252247 -0.494153 -0.127049 38.135918 -0.475533 -0.210807 38.135857 
-0.475533 -0.210807 38.135857 -0.575014 -0.241650 38.235001 -0.600842 -0.143229 38.252247 
0.407287 0.547874 38.289230 0.406738 0.546321 38.234955 0.316970 0.593627 38.251446 
0.252621 0.341339 37.992249 0.454375 -0.228086 38.018486 -0.113542 -0.424420 37.992252 
-0.113542 -0.424420 37.992252 -0.315294 0.145004 38.018482 0.252621 0.341339 37.992249 
0.626763 0.340806 38.234959 0.564036 0.420264 38.235023 0.566863 0.421451 38.289093 
0.566863 0.421451 38.289093 0.629688 0.341180 38.288780 0.626763 0.340806 38.234959 
-0.098874 0.507559 38.135876 0.069553 0.532879 38.135712 0.252621 0.341339 37.992249 
0.252621 0.341339 37.992249 -0.315294 0.145004 38.018482 -0.444405 0.207627 38.135925 
-0.444405 0.207627 38.135925 -0.376637 0.316577 38.135674 -0.251831 0.432777 38.135590 
-0.251831 0.432777 38.135590 -0.098874 0.507559 38.135876 0.252621 0.341339 37.992249 
0.252621 0.341339 37.992249 -0.444405 0.207627 38.135925 -0.251831 0.432777 38.135590 
-0.318650 -0.462592 38.135689 -0.351054 -0.572372 38.235023 -0.427466 -0.505758 38.251938 
0.120017 0.636372 38.289162 0.119936 0.635470 38.234879 0.018844 0.638939 38.252205 
0.663760 0.306755 38.448441 0.410675 0.553204 38.439892 -0.079200 0.628949 38.439896 
-0.079200 0.628949 38.439896 0.092277 0.309283 38.890327 0.405481 0.134325 38.817623 
-0.079200 0.628949 38.439896 0.405481 0.134325 38.817623 0.663760 0.306755 38.448441 
0.629688 0.341180 38.288780 0.739851 0.060487 38.259254 0.717657 0.159925 38.252647 
0.717657 0.159925 38.252647 0.680361 0.254525 38.252243 0.629688 0.341180 38.288780 
-0.269366 -0.632548 38.252216 -0.215741 -0.539075 38.136002 -0.098521 -0.590160 38.135490 
-0.098521 -0.590160 38.135490 -0.178386 -0.677248 38.253460 -0.269366 -0.632548 38.252216 
0.407287 0.547874 38.289230 0.120017 0.636372 38.289162 -0.177140 0.594324 38.288807 
-0.177140 0.594324 38.288807 -0.079200 0.628949 38.439896 0.410675 0.553204 38.439892 
-0.177140 0.594324 38.288807 0.410675 0.553204 38.439892 0.407287 0.547874 38.289230 
-0.540541 0.254261 38.258251 -0.490306 0.342691 38.250385 -0.376637 0.316577 38.135674 
-0.376637 0.316577 38.135674 -0.444405 0.207627 38.135925 -0.540541 0.254261 38.258251 
-0.487957 -0.424136 38.235191 -0.424680 -0.328715 38.135674 -0.318650 -0.462592 38.135689 
-0.318650 -0.462592 38.135689 -0.427466 -0.505758 38.251938 -0.487957 -0.424136 38.235191 
0.391058 0.433102 38.135567 0.406738 0.546321 38.234955 0.491494 0.491090 38.257317 
-0.098521 -0.590160 38.135490 -0.081772 -0.707468 38.259846 -0.178386 -0.677248 38.253460 
0.608106 -0.472742 38.446747 0.492236 -0.573897 38.289055 0.679670 -0.338558 38.289001 
0.679670 -0.338558 38.289001 0.716874 -0.241827 38.289032 0.744189 -0.143897 38.439892 
0.679670 -0.338558 38.289001 0.744189 -0.143897 38.439892 0.608106 -0.472742 38.446747 
-0.352155 0.491771 38.289196 -0.177140 0.594324 38.288807 -0.268624 0.548031 38.254749 
0.120047 -0.720032 38.253593 0.220736 -0.706961 38.259094 0.019812 -0.721200 38.289055 
-0.490297 -0.426242 38.289196 -0.579035 -0.240921 38.289242 -0.539869 -0.337009 38.253433 
-0.079200 0.628949 38.439896 -0.177140 0.594324 38.288807 -0.352155 0.491771 38.289196 
-0.352155 0.491771 38.289196 -0.427364 0.422294 38.258438 -0.430597 0.425570 38.439892 
-0.352155 0.491771 38.289196 -0.430597 0.425570 38.439892 -0.079200 0.628949 38.439896 
0.316970 0.593627 38.251446 0.220567 0.624260 38.253456 0.120017 0.636372 38.289162 
0.120017 0.636372 38.289162 0.407287 0.547874 38.289230 0.316970 0.593627 38.251446 
-0.081772 -0.707468 38.259846 -0.098521 -0.590160 38.135490 0.069528 -0.615961 38.135712 
0.069528 -0.615961 38.135712 0.019098 -0.718449 38.234951 -0.081772 -0.707468 38.259846 
-0.579035 -0.240921 38.289242 -0.490297 -0.426242 38.289196 -0.430598 -0.508650 38.439892 
-0.430598 -0.508650 38.439892 -0.603643 -0.207772 38.444859 -0.579035 -0.240921 38.289242 
0.120047 -0.720032 38.253593 0.019812 -0.721200 38.289055 0.019098 -0.718449 38.234951 
-0.177140 0.594324 38.288807 0.120017 0.636372 38.289162 0.018844 0.638939 38.252205 
0.018844 0.638939 38.252205 -0.081342 0.624293 38.253456 -0.177140 0.594324 38.288807 
-0.575014 -0.241650 38.235001 -0.475533 -0.210807 38.135857 -0.424680 -0.328715 38.135674 
-0.424680 -0.328715 38.135674 -0.539869 -0.337009 38.253433 -0.575014 -0.241650 38.235001 
-0.603643 -0.207772 38.444859 -0.430598 -0.508650 38.439892 0.120526 -0.726373 38.439892 
0.120526 -0.726373 38.439892 -0.020142 -0.408453 38.819286 -0.276727 -0.093592 38.896507 
0.120526 -0.726373 38.439892 -0.276727 -0.093592 38.896507 -0.603643 -0.207772 38.444859 
-0.424680 -0.328715 38.135674 -0.487957 -0.424136 38.235191 -0.539869 -0.337009 38.253433 
-0.600871 0.059955 38.252419 -0.575049 0.158621 38.235031 -0.475556 0.127741 38.135918 
-0.475556 0.127741 38.135918 -0.494523 0.044073 38.135891 -0.600871 0.059955 38.252419 
0.237739 -0.590424 38.135651 0.069528 -0.615961 38.135712 -0.113542 -0.424420 37.992252 
-0.113542 -0.424420 37.992252 0.454375 -0.228086 38.018486 0.583486 -0.290709 38.135925 
0.583486 -0.290709 38.135925 0.515718 -0.399659 38.135674 0.390991 -0.516052 38.135750 
0.390991 -0.516052 38.135750 0.237739 -0.590424 38.135651 -0.113542 -0.424420 37.992252 
-0.113542 -0.424420 37.992252 0.583486 -0.290709 38.135925 0.390991 -0.516052 38.135750 
-0.490306 0.342691 38.250385 -0.540541 0.254261 38.258251 -0.427364 0.422294 38.258438 
0.608106 -0.472742 38.446747 0.744189 -0.143897 38.439892 0.663760 0.306755 38.448441 
0.663760 0.306755 38.448441 0.405481 0.134325 38.817623 0.401198 -0.149918 38.896564 
0.663760 0.306755 38.448441 0.401198 -0.149918 38.896564 0.608106 -0.472742 38.446747 
0.614614 0.127727 38.135857 0.633464 0.044040 38.136108 0.640128 -0.041545 38.135662 
0.640128 -0.041545 38.135662 0.633368 -0.127157 38.135693 0.614863 -0.210846 38.136097 
0.614863 -0.210846 38.136097 0.583486 -0.290709 38.135925 0.454375 -0.228086 38.018486 
0.454375 -0.228086 38.018486 0.252621 0.341339 37.992249 0.515735 0.316573 38.135689 
0.515735 0.316573 38.135689 0.583478 0.207615 38.135891 0.614614 0.127727 38.135857 
0.614614 0.127727 38.135857 0.640128 -0.041545 38.135662 0.614863 -0.210846 38.136097 
0.614863 -0.210846 38.136097 0.454375 -0.228086 38.018486 0.515735 0.316573 38.135689 
0.614863 -0.210846 38.136097 0.515735 0.316573 38.135689 0.614614 0.127727 38.135857 
0.237754 0.507340 38.135727 0.220567 0.624260 38.253456 0.316970 0.593627 38.251446 
0.746531 -0.041490 38.257111 0.640128 -0.041545 38.135662 0.633464 0.044040 38.136108 
0.633464 0.044040 38.136108 0.739851 0.060487 38.259254 0.746531 -0.041490 38.257111 
0.564036 0.420264 38.235023 0.515735 0.316573 38.135689 0.391058 0.433102 38.135567 
0.391058 0.433102 38.135567 0.491494 0.491090 38.257317 0.564036 0.420264 38.235023 
0.069553 0.532879 38.135712 0.237754 0.507340 38.135727 0.391058 0.433102 38.135567 
0.391058 0.433102 38.135567 0.515735 0.316573 38.135689 0.252621 0.341339 37.992249 
0.391058 0.433102 38.135567 0.252621 0.341339 37.992249 0.069553 0.532879 38.135712 
0.714000 -0.241615 38.234993 0.677297 -0.336173 38.235035 0.583486 -0.290709 38.135925 
0.583486 -0.290709 38.135925 0.614863 -0.210846 38.136097 0.714000 -0.241615 38.234993 
-0.020142 -0.408453 38.819286 0.120526 -0.726373 38.439892 0.608106 -0.472742 38.446747 
0.608106 -0.472742 38.446747 0.401198 -0.149918 38.896564 0.286075 -0.317191 38.899136 
0.608106 -0.472742 38.446747 0.286075 -0.317191 38.899136 -0.020142 -0.408453 38.819286 
-0.430597 0.425570 38.439892 -0.108672 0.261218 38.903633 0.092277 0.309283 38.890327 
0.092277 0.309283 38.890327 -0.079200 0.628949 38.439896 -0.430597 0.425570 38.439892 
-0.579035 -0.240921 38.289242 -0.575014 -0.241650 38.235001 -0.539869 -0.337009 38.253433 
0.565382 -0.504681 38.253422 0.490022 -0.572243 38.234955 0.390991 -0.516052 38.135750 
0.390991 -0.516052 38.135750 0.515718 -0.399659 38.135674 0.565382 -0.504681 38.253422 
0.565382 -0.504681 38.253422 0.628329 -0.425055 38.253407 0.679670 -0.338558 38.289001 
0.679670 -0.338558 38.289001 0.492236 -0.573897 38.289055 0.565382 -0.504681 38.253422 
0.383942 0.112185 38.908710 0.415217 -0.092343 38.908710 0.405481 0.134325 38.817623 
0.492236 -0.573897 38.289055 0.490022 -0.572243 38.234955 0.565382 -0.504681 38.253422 
-0.427364 0.422294 38.258438 -0.351078 0.489474 38.235050 -0.251831 0.432777 38.135590 
-0.251831 0.432777 38.135590 -0.376637 0.316577 38.135674 -0.427364 0.422294 38.258438 
0.716874 -0.241827 38.289032 0.738351 -0.143017 38.251961 0.746531 -0.041490 38.257111 
-0.352155 0.491771 38.289196 -0.351078 0.489474 38.235050 -0.427364 0.422294 38.258438 
0.408251 -0.632338 38.258434 0.317537 -0.677570 38.252277 0.237739 -0.590424 38.135651 
0.237739 -0.590424 38.135651 0.390991 -0.516052 38.135750 0.408251 -0.632338 38.258434 
-0.575049 0.158621 38.235031 -0.540541 0.254261 38.258251 -0.444405 0.207627 38.135925 
-0.444405 0.207627 38.135925 -0.475556 0.127741 38.135918 -0.575049 0.158621 38.235031 
0.714000 -0.241615 38.234993 0.716874 -0.241827 38.289032 0.679670 -0.338558 38.289001 
0.679670 -0.338558 38.289001 0.677297 -0.336173 38.235035 0.714000 -0.241615 38.234993 
-0.081772 -0.707468 38.259846 -0.351487 -0.573908 38.289402 -0.269366 -0.632548 38.252216 
-0.269366 -0.632548 38.252216 -0.178386 -0.677248 38.253460 -0.081772 -0.707468 38.259846 
-0.351487 -0.573908 38.289402 -0.351054 -0.572372 38.235023 -0.269366 -0.632548 38.252216 
0.680361 0.254525 38.252243 0.583478 0.207615 38.135891 0.515735 0.316573 38.135689 
0.515735 0.316573 38.135689 0.626763 0.340806 38.234959 0.680361 0.254525 38.252243 
0.739851 0.060487 38.259254 0.633464 0.044040 38.136108 0.614614 0.127727 38.135857 
0.614614 0.127727 38.135857 0.717657 0.159925 38.252647 0.739851 0.060487 38.259254 
0.717657 0.159925 38.252647 0.614614 0.127727 38.135857 0.583478 0.207615 38.135891 
0.583478 0.207615 38.135891 0.680361 0.254525 38.252243 0.717657 0.159925 38.252647 
0.515735 0.316573 38.135689 0.564036 0.420264 38.235023 0.626763 0.340806 38.234959 
0.405481 0.134325 38.817623 0.092277 0.309283 38.890327 0.244007 0.262985 38.908672 
0.244007 0.262985 38.908672 0.383942 0.112185 38.908710 0.405481 0.134325 38.817623 
-0.427466 -0.505758 38.251938 -0.490297 -0.426242 38.289196 -0.487957 -0.424136 38.235191 
0.566863 0.421451 38.289093 0.564036 0.420264 38.235023 0.491494 0.491090 38.257317 
-0.608843 -0.041551 38.255047 -0.501272 -0.041582 38.135838 -0.494153 -0.127049 38.135918 
-0.494153 -0.127049 38.135918 -0.600842 -0.143229 38.252247 -0.608843 -0.041551 38.255047 
0.677297 -0.336173 38.235035 0.628329 -0.425055 38.253407 0.515718 -0.399659 38.135674 
0.515718 -0.399659 38.135674 0.583486 -0.290709 38.135925 0.677297 -0.336173 38.235035 
-0.427466 -0.505758 38.251938 -0.351487 -0.573908 38.289402 -0.490297 -0.426242 38.289196 
0.220736 -0.706961 38.259094 0.120047 -0.720032 38.253593 0.069528 -0.615961 38.135712 
0.069528 -0.615961 38.135712 0.237739 -0.590424 38.135651 0.220736 -0.706961 38.259094 
0.286075 -0.317191 38.899136 0.095323 -0.392159 38.908817 -0.020142 -0.408453 38.819286 
-0.351054 -0.572372 38.235023 -0.318650 -0.462592 38.135689 -0.215741 -0.539075 38.136002 
-0.215741 -0.539075 38.136002 -0.269366 -0.632548 38.252216 -0.351054 -0.572372 38.235023 
0.406738 0.546321 38.234955 0.391058 0.433102 38.135567 0.237754 0.507340 38.135727 
0.237754 0.507340 38.135727 0.316970 0.593627 38.251446 0.406738 0.546321 38.234955 
0.746531 -0.041490 38.257111 0.738351 -0.143017 38.251961 0.633368 -0.127157 38.135693 
0.633368 -0.127157 38.135693 0.640128 -0.041545 38.135662 0.746531 -0.041490 38.257111 
-0.430597 0.425570 38.439892 -0.603643 -0.207772 38.444859 -0.276727 -0.093592 38.896507 
-0.276727 -0.093592 38.896507 -0.108672 0.261218 38.903633 -0.430597 0.425570 38.439892 
0.738351 -0.143017 38.251961 0.714000 -0.241615 38.234993 0.614863 -0.210846 38.136097 
0.614863 -0.210846 38.136097 0.633368 -0.127157 38.135693 0.738351 -0.143017 38.251961 
