0.530102 -0.054424 31.881695 0.715157 -0.015332 32.424538 0.489727 -0.046158 32.424694 
-0.190012 -0.567876 31.881720 -0.153476 -0.676147 32.424782 -0.165341 -0.409694 32.424641 
-0.579438 -0.021011 32.424519 -0.388362 -0.054168 31.881657 -0.351098 -0.045334 32.424706 
0.377112 -0.583546 32.424599 0.310481 -0.442159 31.881500 0.283208 -0.403859 32.424641 
-0.579438 -0.021011 32.424519 -0.529784 0.062254 31.881556 -0.388362 -0.054168 31.881657 
0.490646 -0.041541 38.018490 0.489727 -0.046158 32.424694 0.275124 0.325254 32.424648 
0.275124 0.325254 32.424648 0.280093 0.323147 38.018490 0.490646 -0.041541 38.018490 
-0.142819 -0.408577 31.881561 -0.178429 -0.510852 28.654764 -0.190012 -0.567876 31.881720 
0.530102 -0.054424 31.881695 0.585685 -0.016532 28.654764 0.669209 0.060197 31.881519 
0.480344 0.410573 31.881189 0.372206 0.417489 28.654764 0.292415 0.359680 31.881517 
-0.156560 0.368147 31.881464 -0.232523 0.401846 28.654764 -0.341642 0.412284 31.881176 
-0.529784 0.062254 31.881556 -0.446604 -0.016532 28.654764 -0.388362 -0.054168 31.881657 
0.257290 -0.630510 31.881868 0.315739 -0.533174 28.654764 0.310481 -0.442159 31.881500 
0.275124 0.325254 32.424648 -0.135137 0.325115 32.424641 -0.141012 0.323147 38.018486 
-0.141012 0.323147 38.018486 0.280093 0.323147 38.018490 0.275124 0.325254 32.424648 
-0.351098 -0.045334 32.424706 -0.351565 -0.041541 38.018490 -0.141012 0.323147 38.018486 
-0.141012 0.323147 38.018486 -0.135137 0.325115 32.424641 -0.351098 -0.045334 32.424706 
-0.351098 -0.045334 32.424706 -0.165341 -0.409694 32.424641 -0.141012 -0.406230 38.018490 
-0.141012 -0.406230 38.018490 -0.351565 -0.041541 38.018490 -0.351098 -0.045334 32.424706 
0.283208 -0.403859 32.424641 0.280093 -0.406229 38.018490 -0.141012 -0.406230 38.018490 
-0.141012 -0.406230 38.018490 -0.165341 -0.409694 32.424641 0.283208 -0.403859 32.424641 
0.489727 -0.046158 32.424694 0.490646 -0.041541 38.018490 0.280093 -0.406229 38.018490 
0.280093 -0.406229 38.018490 0.283208 -0.403859 32.424641 0.489727 -0.046158 32.424694 
0.489727 -0.046158 32.424694 0.715157 -0.015332 32.424538 0.410985 0.494183 32.424599 
0.410985 0.494183 32.424599 0.275124 0.325254 32.424648 0.489727 -0.046158 32.424694 
-0.135137 0.325115 32.424641 -0.272885 0.495148 32.424564 -0.579438 -0.021011 32.424519 
-0.579438 -0.021011 32.424519 -0.351098 -0.045334 32.424706 -0.135137 0.325115 32.424641 
-0.156560 0.368147 31.881464 -0.272885 0.495148 32.424564 -0.135137 0.325115 32.424641 
0.480344 0.410573 31.881189 0.410985 0.494183 32.424599 0.715157 -0.015332 32.424538 
0.715157 -0.015332 32.424538 0.669209 0.060197 31.881519 0.480344 0.410573 31.881189 
-0.142819 -0.408577 31.881561 -0.190012 -0.567876 31.881720 -0.165341 -0.409694 32.424641 
0.283208 -0.403859 32.424641 -0.165341 -0.409694 32.424641 0.377112 -0.583546 32.424599 
0.715157 -0.015332 32.424538 0.530102 -0.054424 31.881695 0.669209 0.060197 31.881519 
-0.156560 0.368147 31.881464 -0.341642 0.412284 31.881176 -0.272885 0.495148 32.424564 
0.292415 0.359680 31.881517 -0.156560 0.368147 31.881464 -0.135137 0.325115 32.424641 
-0.135137 0.325115 32.424641 0.275124 0.325254 32.424648 0.292415 0.359680 31.881517 
-0.341642 0.412284 31.881176 -0.529784 0.062254 31.881556 -0.579438 -0.021011 32.424519 
-0.579438 -0.021011 32.424519 -0.272885 0.495148 32.424564 -0.341642 0.412284 31.881176 
-0.388362 -0.054168 31.881657 -0.142819 -0.408577 31.881561 -0.165341 -0.409694 32.424641 
-0.165341 -0.409694 32.424641 -0.351098 -0.045334 32.424706 -0.388362 -0.054168 31.881657 
0.257290 -0.630510 31.881868 0.377112 -0.583546 32.424599 -0.153476 -0.676147 32.424782 
-0.153476 -0.676147 32.424782 -0.190012 -0.567876 31.881720 0.257290 -0.630510 31.881868 
0.530102 -0.054424 31.881695 0.489727 -0.046158 32.424694 0.283208 -0.403859 32.424641 
0.283208 -0.403859 32.424641 0.310481 -0.442159 31.881500 0.530102 -0.054424 31.881695 
-0.232523 0.401846 28.654764 -0.156560 0.368147 31.881464 0.292415 0.359680 31.881517 
0.292415 0.359680 31.881517 0.372206 0.417489 28.654764 -0.232523 0.401846 28.654764 
0.275124 0.325254 32.424648 0.410985 0.494183 32.424599 0.292415 0.359680 31.881517 
0.410985 0.494183 32.424599 0.480344 0.410573 31.881189 0.292415 0.359680 31.881517 
0.377112 -0.583546 32.424599 0.257290 -0.630510 31.881868 0.310481 -0.442159 31.881500 
0.377112 -0.583546 32.424599 -0.165341 -0.409694 32.424641 -0.153476 -0.676147 32.424782 
-0.446604 -0.016532 28.654764 -0.178429 -0.510852 28.654764 -0.142819 -0.408577 31.881561 
-0.142819 -0.408577 31.881561 -0.388362 -0.054168 31.881657 -0.446604 -0.016532 28.654764 
0.585685 -0.016532 28.654764 0.530102 -0.054424 31.881695 0.310481 -0.442159 31.881500 
0.310481 -0.442159 31.881500 0.315739 -0.533174 28.654764 0.585685 -0.016532 28.654764 
0.372206 0.417489 28.654764 0.480344 0.410573 31.881189 0.669209 0.060197 31.881519 
0.669209 0.060197 31.881519 0.585685 -0.016532 28.654764 0.372206 0.417489 28.654764 
-0.232523 0.401846 28.654764 -0.446604 -0.016532 28.654764 -0.529784 0.062254 31.881556 
-0.529784 0.062254 31.881556 -0.341642 0.412284 31.881176 -0.232523 0.401846 28.654764 
0.315739 -0.533174 28.654764 0.257290 -0.630510 31.881868 -0.190012 -0.567876 31.881720 
-0.190012 -0.567876 31.881720 -0.178429 -0.510852 28.654764 0.315739 -0.533174 28.654764 
