0.128953 1.815104 29.044691 0.088027 1.766768 29.036915 0.066249 1.790486 29.006954 
0.088027 1.766768 29.036915 0.085923 1.766334 29.035967 0.066249 1.790486 29.006954 
0.069559 1.633818 28.863503 0.107833 1.573111 28.873724 0.109133 1.591752 28.830353 
1.502315 -0.087205 29.530865 1.518211 0.218893 29.449818 1.413185 0.448054 29.523579 
-1.417285 1.386352 29.888969 -1.832365 0.780216 29.892363 -1.845016 0.471461 29.902544 
-1.417285 1.386352 29.888969 -1.845016 0.471461 29.902544 -1.421185 1.265926 29.902544 
-0.162408 -2.101181 29.890097 0.331479 -2.097117 29.890665 1.093557 -1.840768 29.891903 
-1.730002 -1.066208 29.890991 -1.487472 -1.403470 29.894846 -0.876653 -1.880887 29.889492 
-1.986420 0.084468 29.889158 -1.976802 -0.348779 29.888006 -1.730002 -1.066208 29.890991 
-1.808122 -0.678815 29.902546 -1.909082 0.088041 29.902544 -1.986420 0.084468 29.889158 
-1.808122 -0.678815 29.902546 -1.986420 0.084468 29.889158 -1.730002 -1.066208 29.890991 
-0.752166 1.861240 29.889349 -1.417285 1.386352 29.888969 -1.421185 1.265926 29.902544 
-0.752166 1.861240 29.889349 -1.421185 1.265926 29.902544 -0.807548 1.736787 29.902544 
-1.579205 -1.143075 29.902546 -1.808122 -0.678815 29.902546 -1.730002 -1.066208 29.890991 
-1.031993 -1.690287 29.902546 -1.579205 -1.143075 29.902546 -1.730002 -1.066208 29.890991 
0.184218 2.022416 29.891966 -0.752166 1.861240 29.889349 -0.807548 1.736787 29.902544 
0.184218 2.022416 29.891966 -0.807548 1.736787 29.902544 0.199124 1.937081 29.902544 
-1.031993 -1.690287 29.902546 -1.730002 -1.066208 29.890991 -0.876653 -1.880887 29.889492 
-0.060044 -2.020164 29.902544 -1.031993 -1.690287 29.902546 -0.876653 -1.880887 29.889492 
0.884418 1.863212 29.892536 0.184218 2.022416 29.891966 0.199124 1.937081 29.902544 
0.884418 1.863212 29.892536 0.199124 1.937081 29.902544 0.946629 1.736787 29.902544 
-0.060044 -2.020164 29.902544 -0.876653 -1.880887 29.889492 -0.162408 -2.101181 29.890097 
0.946630 -1.819870 29.902544 -0.060044 -2.020164 29.902544 -0.162408 -2.101181 29.890097 
1.539873 1.417906 29.890261 0.884418 1.863212 29.892536 0.946629 1.736787 29.902544 
1.539873 1.417906 29.890261 0.946629 1.736787 29.902544 1.560266 1.265926 29.902544 
0.946630 -1.819870 29.902544 -0.162408 -2.101181 29.890097 1.093557 -1.840768 29.891903 
1.718286 -1.143075 29.902544 0.946630 -1.819870 29.902544 1.093557 -1.840768 29.891903 
1.977152 0.766001 29.889095 1.539873 1.417906 29.890261 1.560266 1.265926 29.902544 
1.977152 0.766001 29.889095 1.560266 1.265926 29.902544 1.947203 0.595731 29.902544 
1.718286 -1.143075 29.902544 1.093557 -1.840768 29.891903 1.845637 -1.102475 29.891542 
2.014281 -0.428478 29.902544 1.718286 -1.143075 29.902544 1.845637 -1.102475 29.891542 
2.142893 -0.199224 29.889523 1.977152 0.766001 29.889095 1.947203 0.595731 29.902544 
2.142893 -0.199224 29.889523 1.947203 0.595731 29.902544 2.048163 0.088041 29.902544 
2.014281 -0.428478 29.902544 1.845637 -1.102475 29.891542 2.142893 -0.199224 29.889523 
2.048163 0.088041 29.902544 2.014281 -0.428478 29.902544 2.142893 -0.199224 29.889523 
-0.769709 1.344166 28.856060 -0.768123 1.409371 28.863503 -0.712818 1.392728 28.830353 
0.907235 1.409353 28.863503 0.908757 1.344187 28.856054 0.851899 1.392728 28.830353 
0.989705 1.515258 29.036915 0.987665 1.515935 29.035967 0.988029 1.542891 29.007494 
-1.367207 -0.167819 29.552870 -1.380740 -0.284644 29.449806 -1.313890 -0.511150 29.554443 
-0.818604 1.533744 29.036915 -0.820210 1.532316 29.035967 -0.843010 1.546380 29.007706 
-0.768123 1.409371 28.863503 -0.704435 1.375275 28.874996 -0.712818 1.392728 28.830353 
-1.512912 0.958735 29.039909 -1.487258 0.878624 29.036915 -1.518011 0.871240 29.007683 
-1.487258 0.878624 29.036915 -1.487934 0.876585 29.035967 -1.518011 0.871240 29.007683 
-1.381353 0.796154 28.863503 -1.309643 0.798947 28.873724 -1.325137 0.809394 28.830353 
0.906802 -1.491863 28.863102 0.851900 -1.475811 28.830353 0.920475 -1.436219 28.830353 
0.086428 -1.849374 29.036346 0.107853 -1.656197 28.873726 0.036231 -1.660061 28.857969 
0.053158 -1.849417 29.035967 0.051053 -1.849851 29.036915 0.015901 -1.877305 29.061754 
0.086428 -1.849374 29.036346 0.036231 -1.660061 28.857969 0.053158 -1.849417 29.035967 
0.015901 -1.877305 29.061754 0.145104 -1.906283 29.063911 0.086428 -1.849374 29.036346 
0.086428 -1.849374 29.036346 0.053158 -1.849417 29.035967 0.015901 -1.877305 29.061754 
-0.022605 1.358476 29.044521 0.702758 1.242075 29.076445 0.677950 1.191787 29.012846 
1.280985 0.532540 28.829498 1.173492 0.695888 29.012846 1.325102 0.384571 29.012880 
0.822909 -1.259917 29.534870 1.055430 -1.143077 29.449652 1.222876 -0.883692 29.534798 
-0.873763 1.518314 29.054688 -0.934486 1.536072 29.061422 -0.843010 1.546380 29.007706 
-1.521656 -0.468019 28.785255 -1.583167 -0.040995 28.791845 -1.521699 0.384829 28.785028 
-1.505745 -0.929686 29.036915 -1.504317 -0.931292 29.035967 -1.517860 -0.954281 29.007811 
-1.381372 -0.879205 28.863503 -1.347935 -0.815706 28.873724 -1.364729 -0.823900 28.830353 
-1.605818 -0.041524 28.863503 -1.550411 -0.007479 28.855621 -1.563753 -0.081134 28.830353 
-1.750867 -0.079072 29.055735 -1.790544 -0.096775 29.032782 -1.759423 -0.041542 29.006668 
-1.769112 0.875591 29.762815 -1.954282 0.379945 29.756657 -1.986420 0.084468 29.889158 
-1.986420 0.084468 29.889158 -1.832365 0.780216 29.892363 -1.769112 0.875591 29.762815 
-1.120810 1.634956 29.758587 -0.838537 1.798885 29.759573 -1.474426 1.310984 29.759369 
-0.022605 1.358476 29.044521 -0.600087 1.130453 29.005173 -0.665982 1.197232 29.077536 
-1.716366 0.463713 29.061796 -1.535492 0.834243 29.056866 -1.512912 0.958735 29.039909 
1.881293 0.682031 29.105904 1.808850 0.816498 29.190571 1.973474 0.330432 29.191801 
1.973474 0.330432 29.191801 2.009729 0.064214 29.108170 1.881293 0.682031 29.105904 
-1.790213 0.020308 29.044558 -1.738769 -0.023055 29.036915 -1.759423 -0.041542 29.006668 
-1.738769 -0.023055 29.036915 -1.738336 -0.025160 29.035967 -1.759423 -0.041542 29.006668 
-0.710901 -1.461510 28.855627 -0.768155 -1.492436 28.863503 -0.781394 -1.436219 28.830353 
-1.669510 0.817316 29.368214 -1.832653 0.336987 29.368340 -1.877784 -0.017033 29.369688 
-1.877784 -0.017033 29.369688 -1.866491 0.085128 29.540550 -1.765206 0.581907 29.537935 
-1.765206 0.581907 29.537935 -1.542204 1.039207 29.542181 -1.669510 0.817316 29.368214 
-1.877784 -0.017033 29.369688 -1.765206 0.581907 29.537935 -1.669510 0.817316 29.368214 
1.942628 -0.115719 29.031982 1.877850 -0.060028 29.036915 1.898503 -0.041542 29.006668 
1.877850 -0.060028 29.036915 1.877417 -0.057923 29.035967 1.898503 -0.041542 29.006668 
1.744899 -0.041560 28.863503 1.684193 -0.079834 28.873724 1.702834 -0.081134 28.830353 
-1.316326 -0.881050 28.855627 -1.381372 -0.879205 28.863503 -1.364729 -0.823900 28.830353 
-1.521406 -1.169006 29.186954 -1.721615 -0.783812 29.192053 -1.866480 -0.173198 29.187834 
1.703478 0.834514 29.048082 1.644826 0.846603 29.036915 1.654731 0.877947 29.006878 
1.644826 0.846603 29.036915 1.643398 0.848208 29.035967 1.654731 0.877947 29.006878 
1.516281 0.771173 28.883284 1.487010 0.731860 28.873295 1.503811 0.740817 28.830353 
-1.212666 -1.497184 29.369955 -0.933042 -1.713373 29.370363 -1.013652 -1.656090 29.534702 
-1.013652 -1.656090 29.534702 -1.387234 -1.321457 29.539595 -1.629061 -0.991385 29.532234 
-1.629061 -0.991385 29.532234 -1.545890 -1.115521 29.366228 -1.212666 -1.497184 29.369955 
-1.212666 -1.497184 29.369955 -1.013652 -1.656090 29.534702 -1.629061 -0.991385 29.532234 
1.886950 -0.024347 29.050896 1.931851 0.023317 29.046232 1.898503 -0.041542 29.006668 
-1.544906 -0.938936 29.074154 -0.929569 -1.623894 29.038679 -1.499205 -1.002695 29.047844 
1.626339 -0.961707 29.036915 1.627016 -0.959667 29.035967 1.653707 -0.960379 29.008101 
1.813149 0.818934 29.534817 1.808504 0.817680 29.368511 1.347945 1.416910 29.368498 
1.347945 1.416910 29.368498 1.528091 1.236366 29.538069 1.813149 0.818934 29.534817 
0.970213 -1.643109 29.011965 0.906802 -1.491863 28.863102 1.034376 -1.628940 29.019382 
0.086428 -1.849374 29.036346 0.145104 -1.906283 29.063911 0.065835 -1.874102 29.006878 
-1.350428 0.738899 28.855627 -1.381353 0.796154 28.863503 -1.325137 0.809394 28.830353 
-0.643905 -1.277264 30.504217 -0.643905 -1.277264 30.662598 -1.166182 -0.754986 30.662598 
-1.166182 -0.754986 30.662598 -1.166182 -0.754986 30.504217 -0.643905 -1.277264 30.504217 
0.906802 -1.491863 28.863102 0.843979 -1.459260 28.873194 0.851900 -1.475811 28.830353 
-1.014305 -1.652153 29.108097 -1.508632 -1.179967 29.104712 -1.258235 -1.466617 29.107031 
1.977152 0.766001 29.889095 2.142893 -0.199224 29.889523 2.086800 0.363634 29.884518 
-0.929569 -1.623894 29.038679 -0.850625 -1.598340 29.036915 -0.843945 -1.630389 29.006433 
-0.850625 -1.598340 29.036915 -0.848585 -1.599017 29.035967 -0.843945 -1.630389 29.006433 
-0.768155 -1.492436 28.863503 -0.770948 -1.420725 28.873724 -0.781394 -1.436219 28.830353 
-0.609284 1.219897 29.534796 -0.901931 1.070246 29.448917 -1.079307 0.834253 29.554750 
0.051053 -1.849851 29.036915 0.053158 -1.849417 29.035967 0.065835 -1.874102 29.006878 
1.810245 0.619732 29.055504 1.931851 0.023317 29.046232 1.886950 -0.024347 29.050896 
-1.954282 0.379945 29.756657 -1.769112 0.875591 29.762815 -1.978559 -0.178437 29.758802 
-1.790213 0.020308 29.044558 -1.716366 0.463713 29.061796 -1.750867 -0.079072 29.055735 
-0.788510 -1.781588 29.542292 -1.387234 -1.321457 29.539595 -1.013652 -1.656090 29.534702 
-1.499205 -1.002695 29.047844 -0.929569 -1.623894 29.038679 -1.258235 -1.466617 29.107031 
-1.258235 -1.466617 29.107031 -1.508632 -1.179967 29.104712 -1.725962 -0.791880 29.106808 
-1.725962 -0.791880 29.106808 -1.696756 -0.641115 29.032755 -1.517860 -0.954281 29.007811 
-1.499205 -1.002695 29.047844 -1.258235 -1.466617 29.107031 -1.725962 -0.791880 29.106808 
-1.725962 -0.791880 29.106808 -1.517860 -0.954281 29.007811 -1.499205 -1.002695 29.047844 
0.947981 1.570519 29.048822 0.736143 1.697610 29.057838 0.737482 1.792524 29.107143 
0.737482 1.792524 29.107143 1.315791 1.451031 29.106800 1.299411 1.360853 29.032755 
1.299411 1.360853 29.032755 0.988029 1.542891 29.007494 0.947981 1.570519 29.048822 
0.947981 1.570519 29.048822 0.737482 1.792524 29.107143 1.299411 1.360853 29.032755 
-1.512912 0.958735 29.039909 -1.343526 1.302343 29.103865 -0.790012 1.698920 29.105881 
-0.790012 1.698920 29.105881 -0.192694 1.883687 29.107519 -0.294362 1.787903 29.032755 
-0.294362 1.787903 29.032755 -0.843010 1.546380 29.007706 -0.934486 1.536072 29.061422 
-0.934486 1.536072 29.061422 -1.512912 0.958735 29.039909 -0.790012 1.698920 29.105881 
-0.790012 1.698920 29.105881 -0.294362 1.787903 29.032755 -0.934486 1.536072 29.061422 
-0.929569 -1.623894 29.038679 -0.843945 -1.630389 29.006433 -0.530033 -1.807838 29.032755 
-0.530033 -1.807838 29.032755 -0.432908 -1.928617 29.108576 -1.014305 -1.652153 29.108097 
-1.014305 -1.652153 29.108097 -1.258235 -1.466617 29.107031 -0.929569 -1.623894 29.038679 
-0.530033 -1.807838 29.032755 -1.014305 -1.652153 29.108097 -0.929569 -1.623894 29.038679 
-0.192694 1.883687 29.107519 -0.790012 1.698920 29.105881 -0.550287 1.798357 29.107897 
-1.085540 0.668020 29.007822 -1.282330 0.043661 29.019176 -1.214076 0.591675 29.076445 
2.004559 0.081164 29.538260 1.813149 0.818934 29.534817 1.907060 0.581300 29.542614 
0.849192 -1.828820 29.107166 1.352660 -1.499993 29.105370 1.643414 -1.188233 29.106430 
-1.871062 0.087042 29.110611 -1.863802 -0.282128 29.105963 -1.706074 0.757925 29.107012 
-1.706074 0.757925 29.107012 -1.768369 0.589208 29.106649 -1.871062 0.087042 29.110611 
-1.832639 -0.419929 29.366495 -1.877784 -0.017033 29.369688 -1.832653 0.336987 29.368340 
1.305263 -0.754986 30.662598 0.782986 -1.277264 30.662598 0.782986 -1.277264 30.504217 
0.782986 -1.277264 30.504217 1.305263 -0.754986 30.504217 1.305263 -0.754986 30.662598 
0.729409 1.226836 29.535019 1.131691 0.890037 29.495562 1.121676 0.939364 29.554094 
-1.770451 -0.656220 29.538752 -1.629061 -0.991385 29.532234 -1.387234 -1.321457 29.539595 
0.927476 1.697797 29.191141 0.715787 1.794529 29.190281 0.193896 1.894408 29.191334 
-1.277018 0.431370 29.534863 -0.992610 0.890037 29.495562 -1.079307 0.834253 29.554750 
1.234479 -1.206319 28.785254 0.895421 -1.473101 28.791845 0.495768 -1.632787 28.785402 
-1.521699 0.384829 28.785028 -1.360610 0.788003 28.792089 -1.095205 1.123404 28.785402 
0.495912 1.549697 28.785028 0.896140 1.389620 28.791807 1.234485 1.123205 28.785402 
-0.356937 1.549655 28.785255 0.069893 1.611079 28.791883 0.495912 1.549697 28.785028 
1.660737 0.384936 28.785254 1.722178 -0.041762 28.791887 1.660713 -0.468041 28.785402 
0.107833 1.573111 28.873724 0.069559 1.633818 28.863503 0.066249 1.790486 29.006954 
0.066249 1.790486 29.006954 0.085923 1.766334 29.035967 0.107833 1.573111 28.873724 
-0.570558 -1.364304 29.449286 -0.351212 -1.419804 29.541431 -1.053048 -0.945661 29.558617 
-1.053048 -0.945661 29.558617 -1.061573 -0.969386 29.449806 -0.570558 -1.364304 29.449286 
0.088027 1.766768 29.036915 0.088027 1.766768 29.036915 0.085923 1.766334 29.035967 
0.069522 -1.716900 28.863503 0.036231 -1.660061 28.857969 0.109134 -1.674835 28.830353 
-1.079307 0.834253 29.554750 -0.901931 1.070246 29.448917 -1.313159 0.427742 29.449823 
-1.313159 0.427742 29.449823 -1.277018 0.431370 29.534863 -1.079307 0.834253 29.554750 
-0.157340 -0.240530 29.498348 -0.226438 -0.100431 29.498348 -1.340843 -0.187493 29.495445 
-1.340843 -0.187493 29.495445 -1.105200 -0.826391 29.495562 -0.569173 -1.303461 29.520172 
-0.569173 -1.303461 29.520172 -0.351212 -1.419804 29.541431 0.320694 -1.448957 29.535654 
0.320694 -1.448957 29.535654 0.822909 -1.259917 29.534870 1.222876 -0.883692 29.534798 
1.222876 -0.883692 29.534798 1.502315 -0.087205 29.530865 1.413185 0.448054 29.523579 
1.413185 0.448054 29.523579 0.357679 0.056284 29.498329 0.370675 -0.061264 29.498348 
1.413185 0.448054 29.523579 0.370675 -0.061264 29.498348 0.340192 -0.175029 29.498348 
0.320694 -1.448957 29.535654 1.222876 -0.883692 29.534798 1.413185 0.448054 29.523579 
-1.340843 -0.187493 29.495445 -0.569173 -1.303461 29.520172 0.320694 -1.448957 29.535654 
-0.098107 -0.292470 29.498348 -0.157340 -0.240530 29.498348 -1.340843 -0.187493 29.495445 
0.010651 -0.337520 29.498348 -0.098107 -0.292470 29.498348 -1.340843 -0.187493 29.495445 
0.320694 -1.448957 29.535654 1.413185 0.448054 29.523579 0.340192 -0.175029 29.498348 
0.320694 -1.448957 29.535654 0.340192 -0.175029 29.498348 0.268529 -0.268422 29.498348 
0.010651 -0.337520 29.498348 -1.340843 -0.187493 29.495445 0.320694 -1.448957 29.535654 
0.320694 -1.448957 29.535654 0.268529 -0.268422 29.498348 0.128430 -0.337520 29.498348 
0.320694 -1.448957 29.535654 0.128430 -0.337520 29.498348 0.010651 -0.337520 29.498348 
-1.583167 -0.040995 28.791845 -1.544670 -0.059640 28.858673 -1.327236 0.768472 28.861216 
-1.327236 0.768472 28.861216 -1.360610 0.788003 28.792089 -1.583167 -0.040995 28.791845 
0.988029 1.542891 29.007494 0.907235 1.409353 28.863503 0.843502 1.375286 28.874996 
0.843502 1.375286 28.874996 0.947981 1.570519 29.048822 0.988029 1.542891 29.007494 
-1.061573 -0.969386 29.449806 -1.053048 -0.945661 29.558617 -1.313890 -0.511150 29.554443 
-1.313890 -0.511150 29.554443 -1.380740 -0.284644 29.449806 -1.061573 -0.969386 29.449806 
0.907235 1.409353 28.863503 0.851899 1.392728 28.830353 0.843502 1.375286 28.874996 
-0.083336 1.378368 29.534840 0.729409 1.226836 29.535019 0.354563 1.391349 29.554443 
0.196047 -1.976888 29.367731 1.147325 -1.654068 29.368217 0.712785 -1.868122 29.371677 
-0.843945 -1.630389 29.006433 -0.808679 -1.639863 29.055189 0.015901 -1.877305 29.061754 
0.015901 -1.877305 29.061754 0.065835 -1.874102 29.006878 -0.530033 -1.807838 29.032755 
0.015901 -1.877305 29.061754 -0.530033 -1.807838 29.032755 -0.843945 -1.630389 29.006433 
1.654731 0.877947 29.006878 1.508813 0.811339 28.862823 1.454442 0.796435 28.858248 
1.454442 0.796435 28.858248 1.627334 0.901550 29.056236 1.654731 0.877947 29.006878 
1.408126 -0.113716 29.006033 1.394706 -0.128268 28.829453 1.280985 0.532540 28.829498 
1.280985 0.532540 28.829498 1.325102 0.384571 29.012880 1.408126 -0.113716 29.006033 
-0.215398 1.390553 29.449823 -0.901931 1.070246 29.448917 -0.609284 1.219897 29.534796 
-0.609284 1.219897 29.534796 -0.083336 1.378368 29.534840 -0.215398 1.390553 29.449823 
-1.542204 1.039207 29.542181 -1.000321 1.576913 29.538748 -1.011697 1.569674 29.366766 
-1.011697 1.569674 29.366766 -1.669510 0.817316 29.368214 -1.542204 1.039207 29.542181 
0.988029 1.542891 29.007494 1.299411 1.360853 29.032755 1.654731 0.877947 29.006878 
1.654731 0.877947 29.006878 1.627334 0.901550 29.056236 1.033873 1.521457 29.061754 
1.654731 0.877947 29.006878 1.033873 1.521457 29.061754 0.988029 1.542891 29.007494 
0.908757 1.344187 28.856054 0.907235 1.409353 28.863503 0.988029 1.542891 29.007494 
0.988029 1.542891 29.007494 0.987665 1.515935 29.035967 0.908757 1.344187 28.856054 
1.055430 -1.143077 29.449652 1.452240 -0.510825 29.449823 1.452971 -0.511150 29.554443 
1.452971 -0.511150 29.554443 1.222876 -0.883692 29.534798 1.055430 -1.143077 29.449652 
0.988029 1.542891 29.007494 1.033873 1.521457 29.061754 0.989705 1.515258 29.036915 
0.989705 1.515258 29.036915 0.989705 1.515258 29.036915 0.987665 1.515935 29.035967 
-0.848585 -1.599017 29.035967 -0.850625 -1.598340 29.036915 -0.850625 -1.598340 29.036915 
-0.710901 -1.461510 28.855627 -0.770948 -1.420725 28.873724 -0.848585 -1.599017 29.035967 
-0.848585 -1.599017 29.035967 -0.850625 -1.598340 29.036915 -0.929569 -1.623894 29.038679 
-0.808679 -1.639863 29.055189 -0.710901 -1.461510 28.855627 -0.848585 -1.599017 29.035967 
-0.848585 -1.599017 29.035967 -0.929569 -1.623894 29.038679 -0.808679 -1.639863 29.055189 
-0.756314 -1.473040 28.791924 0.069860 -1.693979 28.791965 0.069514 -1.655627 28.862206 
0.069514 -1.655627 28.862206 -0.741842 -1.434347 28.856836 -0.756314 -1.473040 28.791924 
0.066249 1.790486 29.006954 0.069559 1.633818 28.863503 0.036194 1.576973 28.857977 
0.036194 1.576973 28.857977 0.030154 1.782361 29.055616 0.066249 1.790486 29.006954 
1.500669 -0.868035 28.791916 1.468947 -0.844165 28.861824 0.881101 -1.434723 28.858997 
0.881101 -1.434723 28.858997 0.895421 -1.473101 28.791845 1.500669 -0.868035 28.791916 
-1.504317 -0.931292 29.035967 -1.505745 -0.929686 29.036915 -1.505745 -0.929686 29.036915 
-1.316326 -0.881050 28.855627 -1.347935 -0.815706 28.873724 -1.504317 -0.931292 29.035967 
-1.504317 -0.931292 29.035967 -1.505745 -0.929686 29.036915 -1.544906 -0.938936 29.074154 
-1.499205 -1.002695 29.047844 -1.316326 -0.881050 28.855627 -1.504317 -0.931292 29.035967 
-1.504317 -0.931292 29.035967 -1.544906 -0.938936 29.074154 -1.499205 -1.002695 29.047844 
1.131691 0.890037 29.495562 1.413185 0.448054 29.523579 1.121676 0.939364 29.554094 
-0.704435 1.375275 28.874996 -0.768123 1.409371 28.863503 -0.843010 1.546380 29.007706 
-0.843010 1.546380 29.007706 -0.820210 1.532316 29.035967 -0.704435 1.375275 28.874996 
0.806969 1.062411 29.012846 0.807230 1.062722 28.829453 0.107979 1.311240 28.829475 
0.107979 1.311240 28.829475 0.149779 1.293025 29.012835 0.806969 1.062411 29.012846 
-0.843010 1.546380 29.007706 -0.800768 1.569217 29.069353 -0.818604 1.533744 29.036915 
-0.818604 1.533744 29.036915 -0.818604 1.533744 29.036915 -0.820210 1.532316 29.035967 
1.702834 -0.081134 28.830353 1.688055 -0.008195 28.857977 1.744899 -0.041560 28.863503 
-1.309643 0.798947 28.873724 -1.381353 0.796154 28.863503 -1.518011 0.871240 29.007683 
-1.518011 0.871240 29.007683 -1.487934 0.876585 29.035967 -1.309643 0.798947 28.873724 
1.503811 0.740817 28.830353 1.454442 0.796435 28.858248 1.508813 0.811339 28.862823 
1.508813 0.811339 28.862823 1.516281 0.771173 28.883284 1.503811 0.740817 28.830353 
-1.487258 0.878624 29.036915 -1.487258 0.878624 29.036915 -1.487934 0.876585 29.035967 
0.053158 -1.849417 29.035967 0.051053 -1.849851 29.036915 0.051053 -1.849851 29.036915 
-0.600087 1.130453 29.005173 0.149779 1.293025 29.012835 0.107979 1.311240 28.829475 
0.107979 1.311240 28.829475 -0.668149 1.062722 28.829453 -0.600087 1.130453 29.005173 
1.993306 -0.332142 29.106174 1.895831 -0.707646 29.107403 1.643414 -1.188233 29.106430 
1.643414 -1.188233 29.106430 1.352660 -1.499993 29.105370 1.034376 -1.628940 29.019382 
1.034376 -1.628940 29.019382 1.653707 -0.960379 29.008101 1.685227 -0.920226 29.047829 
1.685227 -0.920226 29.047829 1.942628 -0.115719 29.031982 1.993306 -0.332142 29.106174 
1.643414 -1.188233 29.106430 1.034376 -1.628940 29.019382 1.685227 -0.920226 29.047829 
1.643414 -1.188233 29.106430 1.685227 -0.920226 29.047829 1.993306 -0.332142 29.106174 
-1.639019 -1.179582 29.759476 -1.296119 -1.573352 29.759657 -1.063390 -1.754964 29.762609 
-1.063390 -1.754964 29.762609 -0.876653 -1.880887 29.889492 -1.730002 -1.066208 29.890991 
-1.063390 -1.754964 29.762609 -1.730002 -1.066208 29.890991 -1.639019 -1.179582 29.759476 
0.069893 1.611079 28.791883 0.061363 1.572125 28.860828 0.870991 1.357699 28.859119 
0.870991 1.357699 28.859119 0.896140 1.389620 28.791807 0.069893 1.611079 28.791883 
-0.843010 1.546380 29.007706 -0.768123 1.409371 28.863503 -0.769709 1.344166 28.856060 
-0.769709 1.344166 28.856060 -0.873763 1.518314 29.054688 -0.843010 1.546380 29.007706 
-0.045899 -0.320237 28.832716 -0.169780 -0.225180 28.832716 -0.976026 -0.843833 28.829929 
-0.976026 -0.843833 28.829929 -0.589436 -1.182921 28.829929 -0.272566 -1.318297 28.829718 
-0.272566 -1.318297 28.829718 0.411647 -1.318297 28.829718 1.004191 -0.976191 28.829718 
1.004191 -0.976191 28.829718 1.346296 -0.383647 28.829718 1.346296 0.300564 28.829718 
1.346296 0.300564 28.829718 1.210920 0.617434 28.829929 0.871832 1.004025 28.829929 
0.871832 1.004025 28.829929 0.253178 0.197780 28.832716 0.332959 0.110543 28.832685 
0.871832 1.004025 28.829929 0.332959 0.110543 28.832685 0.368618 -0.002167 28.832716 
1.004191 -0.976191 28.829718 1.346296 0.300564 28.829718 0.871832 1.004025 28.829929 
-0.976026 -0.843833 28.829929 -0.272566 -1.318297 28.829718 1.004191 -0.976191 28.829718 
0.030166 -0.340619 28.832716 -0.045899 -0.320237 28.832716 -0.976026 -0.843833 28.829929 
0.184980 -0.320237 28.832716 0.030166 -0.340619 28.832716 -0.976026 -0.843833 28.829929 
1.004191 -0.976191 28.829718 0.871832 1.004025 28.829929 0.368618 -0.002167 28.832716 
1.004191 -0.976191 28.829718 0.368618 -0.002167 28.832716 0.360920 -0.119616 28.832716 
0.184980 -0.320237 28.832716 -0.976026 -0.843833 28.829929 1.004191 -0.976191 28.829718 
1.004191 -0.976191 28.829718 0.360920 -0.119616 28.832716 0.282845 -0.254846 28.832716 
1.004191 -0.976191 28.829718 0.282845 -0.254846 28.832716 0.184980 -0.320237 28.832716 
-1.738336 -0.025160 29.035967 -1.738769 -0.023055 29.036915 -1.738769 -0.023055 29.036915 
-1.750867 -0.079072 29.055735 -1.545115 -0.079853 28.873726 -1.550411 -0.007479 28.855621 
-1.738336 -0.025160 29.035967 -1.738769 -0.023055 29.036915 -1.790213 0.020308 29.044558 
-1.750867 -0.079072 29.055735 -1.550411 -0.007479 28.855621 -1.738336 -0.025160 29.035967 
-1.750867 -0.079072 29.055735 -1.738336 -0.025160 29.035967 -1.790213 0.020308 29.044558 
-0.595371 -1.203431 29.012846 -0.517935 -1.232532 28.829453 0.145676 -1.385596 28.829563 
0.145676 -1.385596 28.829563 0.147249 -1.376024 29.012888 -0.595371 -1.203431 29.012846 
1.191228 -0.803415 29.019226 1.408126 -0.113716 29.006033 1.497794 -0.134967 29.076445 
0.348236 0.073897 29.091482 0.368618 -0.080916 29.091482 1.970955 -0.291868 29.088696 
1.970955 -0.291868 29.088696 1.922076 0.454843 29.088696 1.730478 0.917402 29.088696 
1.730478 0.917402 29.088696 1.028483 1.619397 29.088696 0.069540 1.876345 29.088696 
0.069540 1.876345 29.088696 -0.889402 1.619397 29.088696 -1.591398 0.917402 29.088696 
-1.591398 0.917402 29.088696 -0.214480 0.068948 29.091465 -0.143764 0.171763 29.091482 
-1.591398 0.917402 29.088696 -0.143764 0.171763 29.091482 -0.045899 0.237154 29.091482 
1.730478 0.917402 29.088696 0.069540 1.876345 29.088696 -1.591398 0.917402 29.088696 
0.348236 0.073897 29.091482 1.970955 -0.291868 29.088696 1.730478 0.917402 29.088696 
0.308861 0.142097 29.091482 0.348236 0.073897 29.091482 1.730478 0.917402 29.088696 
1.730478 0.917402 29.088696 -1.591398 0.917402 29.088696 -0.045899 0.237154 29.091482 
1.730478 0.917402 29.088696 -0.045899 0.237154 29.091482 0.069541 0.262628 29.091461 
0.184979 0.237154 29.091482 0.308861 0.142097 29.091482 1.730478 0.917402 29.088696 
0.069541 0.262628 29.091461 0.184979 0.237154 29.091482 1.730478 0.917402 29.088696 
1.993306 -0.332142 29.106174 2.009729 0.064214 29.108170 1.973474 0.330432 29.191801 
1.973474 0.330432 29.191801 1.971523 -0.425517 29.190390 1.993306 -0.332142 29.106174 
-1.361738 -0.867817 28.791981 -1.359060 -0.795203 28.847851 -1.544670 -0.059640 28.858673 
-1.544670 -0.059640 28.858673 -1.583167 -0.040995 28.791845 -1.361738 -0.867817 28.791981 
-0.934486 1.536072 29.061422 -0.800768 1.569217 29.069353 -0.665982 1.197232 29.077536 
1.034376 -1.628940 29.019382 0.976217 -1.611574 29.048790 1.655928 -0.992503 29.073233 
1.655928 -0.992503 29.073233 1.653707 -0.960379 29.008101 1.034376 -1.628940 29.019382 
-1.347935 -0.815706 28.873724 -1.381372 -0.879205 28.863503 -1.517860 -0.954281 29.007811 
-1.517860 -0.954281 29.007811 -1.504317 -0.931292 29.035967 -1.347935 -0.815706 28.873724 
-1.517860 -0.954281 29.007811 -1.544906 -0.938936 29.074154 -1.505745 -0.929686 29.036915 
-0.570558 -1.364304 29.449286 -1.061573 -0.969386 29.449806 -1.464083 -1.218333 29.448074 
-1.464083 -1.218333 29.448074 -1.004799 -1.649583 29.448074 -0.552000 -1.872849 29.448074 
-0.552000 -1.872849 29.448074 0.195926 -1.971316 29.448074 0.924976 -1.775967 29.448074 
0.924976 -1.775967 29.448074 1.677582 -1.115881 29.448074 1.900848 -0.663081 29.448074 
1.900848 -0.663081 29.448074 1.999315 0.084843 29.448072 1.677581 1.032799 29.448074 
1.677581 1.032799 29.448074 0.924975 1.692885 29.448074 0.446925 1.855188 29.448074 
0.446925 1.855188 29.448074 0.354478 1.390553 29.449823 1.053033 1.062013 29.450548 
1.677581 1.032799 29.448074 0.446925 1.855188 29.448074 1.053033 1.062013 29.450548 
-1.464083 -1.218333 29.448074 -0.552000 -1.872849 29.448074 0.924976 -1.775967 29.448074 
0.220342 -1.509192 29.449430 -0.570558 -1.364304 29.449286 -1.464083 -1.218333 29.448074 
0.220342 -1.509192 29.449430 -1.464083 -1.218333 29.448074 0.924976 -1.775967 29.448074 
1.677581 1.032799 29.448074 1.053033 1.062013 29.450548 1.518211 0.218893 29.449818 
1.677581 1.032799 29.448074 1.518211 0.218893 29.449818 1.452240 -0.510825 29.449823 
1.055430 -1.143077 29.449652 0.220342 -1.509192 29.449430 0.924976 -1.775967 29.448074 
1.900848 -0.663081 29.448074 1.677581 1.032799 29.448074 1.452240 -0.510825 29.449823 
1.452240 -0.510825 29.449823 1.055430 -1.143077 29.449652 0.924976 -1.775967 29.448074 
1.452240 -0.510825 29.449823 0.924976 -1.775967 29.448074 1.900848 -0.663081 29.448074 
1.627016 -0.959667 29.035967 1.626339 -0.961707 29.036915 1.626339 -0.961707 29.036915 
1.685227 -0.920226 29.047829 1.487029 -0.815691 28.873724 1.454565 -0.879647 28.857969 
1.627016 -0.959667 29.035967 1.626339 -0.961707 29.036915 1.655928 -0.992503 29.073233 
1.685227 -0.920226 29.047829 1.454565 -0.879647 28.857969 1.627016 -0.959667 29.035967 
1.685227 -0.920226 29.047829 1.627016 -0.959667 29.035967 1.655928 -0.992503 29.073233 
-1.082125 0.633934 28.829367 -1.085540 0.668020 29.007822 -0.600087 1.130453 29.005173 
-0.600087 1.130453 29.005173 -0.668149 1.062722 28.829453 -1.082125 0.633934 28.829367 
-1.132285 -0.633361 29.012854 -1.282330 0.043661 29.019176 -1.255625 0.045185 28.829453 
-1.255625 0.045185 28.829453 -1.128073 -0.674142 28.829557 -1.132285 -0.633361 29.012854 
1.053033 1.062013 29.450548 1.121676 0.939364 29.554094 1.413185 0.448054 29.523579 
1.413185 0.448054 29.523579 1.518211 0.218893 29.449818 1.053033 1.062013 29.450548 
1.053033 1.062013 29.450548 0.729409 1.226836 29.535019 1.121676 0.939364 29.554094 
1.496430 -0.041542 30.504217 1.496430 -0.041542 30.662598 1.305263 -0.754986 30.662598 
1.305263 -0.754986 30.662598 1.305263 -0.754986 30.504217 1.496430 -0.041542 30.504217 
-1.768369 0.589208 29.106649 -1.716366 0.463713 29.061796 -1.790213 0.020308 29.044558 
-1.790213 0.020308 29.044558 -1.759423 -0.041542 29.006668 -1.790544 -0.096775 29.032782 
-1.790544 -0.096775 29.032782 -1.696756 -0.641115 29.032755 -1.725962 -0.791880 29.106808 
-1.725962 -0.791880 29.106808 -1.863802 -0.282128 29.105963 -1.858896 0.216941 29.102865 
-1.858896 0.216941 29.102865 -1.768369 0.589208 29.106649 -1.790213 0.020308 29.044558 
-1.790213 0.020308 29.044558 -1.790544 -0.096775 29.032782 -1.725962 -0.791880 29.106808 
-1.790213 0.020308 29.044558 -1.725962 -0.791880 29.106808 -1.858896 0.216941 29.102865 
1.500891 0.784504 28.791956 1.464324 0.769082 28.861828 1.682043 -0.035998 28.859119 
1.682043 -0.035998 28.859119 1.722178 -0.041762 28.791887 1.500891 0.784504 28.791956 
1.942628 -0.115719 29.031982 1.685227 -0.920226 29.047829 1.655928 -0.992503 29.073233 
1.655928 -0.992503 29.073233 1.886950 -0.024347 29.050896 1.942628 -0.115719 29.031982 
-1.759423 -0.041542 29.006668 -1.605818 -0.041524 28.863503 -1.545115 -0.079853 28.873726 
-1.545115 -0.079853 28.873726 -1.750867 -0.079072 29.055735 -1.759423 -0.041542 29.006668 
0.354478 1.390553 29.449823 0.354563 1.391349 29.554443 0.729409 1.226836 29.535019 
0.729409 1.226836 29.535019 1.053033 1.062013 29.450548 0.354478 1.390553 29.449823 
-1.605818 -0.041524 28.863503 -1.563753 -0.081134 28.830353 -1.545115 -0.079853 28.873726 
1.643398 0.848208 29.035967 1.644826 0.846603 29.036915 1.644826 0.846603 29.036915 
1.643398 0.848208 29.035967 1.644826 0.846603 29.036915 1.703478 0.834514 29.048082 
1.454442 0.796435 28.858248 1.487010 0.731860 28.873295 1.516281 0.771173 28.883284 
1.643398 0.848208 29.035967 1.703478 0.834514 29.048082 1.627334 0.901550 29.056236 
1.454442 0.796435 28.858248 1.516281 0.771173 28.883284 1.643398 0.848208 29.035967 
1.643398 0.848208 29.035967 1.627334 0.901550 29.056236 1.454442 0.796435 28.858248 
-0.752166 1.861240 29.889349 -0.339511 1.970183 29.759451 -1.120810 1.634956 29.758587 
-1.518011 0.871240 29.007683 -1.381353 0.796154 28.863503 -1.350428 0.738899 28.855627 
-1.350428 0.738899 28.855627 -1.535492 0.834243 29.056866 -1.518011 0.871240 29.007683 
1.173492 0.695888 29.012846 1.280985 0.532540 28.829498 0.807230 1.062722 28.829453 
0.807230 1.062722 28.829453 0.806969 1.062411 29.012846 1.173492 0.695888 29.012846 
0.235612 1.895923 29.108585 0.193896 1.894408 29.191334 0.715787 1.794529 29.190281 
0.715787 1.794529 29.190281 0.737482 1.792524 29.107143 0.235612 1.895923 29.108585 
-0.934486 1.536072 29.061422 -1.716366 0.463713 29.061796 -1.512912 0.958735 29.039909 
-0.595371 -1.203431 29.012846 -1.132285 -0.633361 29.012854 -1.128073 -0.674142 28.829557 
-1.128073 -0.674142 28.829557 -0.517935 -1.232532 28.829453 -0.595371 -1.203431 29.012846 
0.690701 -1.299562 29.044510 1.655928 -0.992503 29.073233 0.145104 -1.906283 29.063911 
-1.716366 0.463713 29.061796 -0.934486 1.536072 29.061422 -0.665982 1.197232 29.077536 
-1.716366 0.463713 29.061796 -0.665982 1.197232 29.077536 -1.214076 0.591675 29.076445 
-0.021829 -1.432326 29.033966 0.690701 -1.299562 29.044510 0.145104 -1.906283 29.063911 
-0.549498 -1.296455 29.040115 -0.021829 -1.432326 29.033966 0.145104 -1.906283 29.063911 
-1.544906 -0.938936 29.074154 -1.716366 0.463713 29.061796 -1.214076 0.591675 29.076445 
-1.544906 -0.938936 29.074154 -1.214076 0.591675 29.076445 -1.282330 0.043661 29.019176 
-0.549498 -1.296455 29.040115 0.145104 -1.906283 29.063911 -1.544906 -0.938936 29.074154 
-1.544906 -0.938936 29.074154 -1.282330 0.043661 29.019176 -1.188874 -0.662401 29.044630 
-1.188874 -0.662401 29.044630 -0.549498 -1.296455 29.040115 -1.544906 -0.938936 29.074154 
-0.665982 1.197232 29.077536 -0.800768 1.569217 29.069353 0.736143 1.697610 29.057838 
1.655928 -0.992503 29.073233 0.690701 -1.299562 29.044510 1.191228 -0.803415 29.019226 
1.655928 -0.992503 29.073233 1.191228 -0.803415 29.019226 1.497794 -0.134967 29.076445 
-0.022605 1.358476 29.044521 -0.665982 1.197232 29.077536 0.736143 1.697610 29.057838 
0.702758 1.242075 29.076445 -0.022605 1.358476 29.044521 0.736143 1.697610 29.057838 
1.810245 0.619732 29.055504 1.655928 -0.992503 29.073233 1.497794 -0.134967 29.076445 
1.353157 0.591675 29.076445 0.702758 1.242075 29.076445 0.736143 1.697610 29.057838 
1.810245 0.619732 29.055504 1.497794 -0.134967 29.076445 1.353157 0.591675 29.076445 
0.736143 1.697610 29.057838 1.810245 0.619732 29.055504 1.353157 0.591675 29.076445 
2.004559 0.081164 29.538260 1.969220 -0.453435 29.536051 1.808410 -0.904642 29.539074 
1.808410 -0.904642 29.539074 1.807080 -0.906114 29.368214 1.974724 0.323515 29.368835 
1.808410 -0.904642 29.539074 1.974724 0.323515 29.368835 2.004559 0.081164 29.538260 
-1.909082 0.088041 29.902544 -1.845016 0.471461 29.902544 -1.832365 0.780216 29.892363 
-1.832365 0.780216 29.892363 -1.986420 0.084468 29.889158 -1.909082 0.088041 29.902544 
0.895421 -1.473101 28.791845 0.881101 -1.434723 28.858997 0.069514 -1.655627 28.862206 
0.069514 -1.655627 28.862206 0.069860 -1.693979 28.791965 0.895421 -1.473101 28.791845 
-1.550411 -0.007479 28.855621 -1.605818 -0.041524 28.863503 -1.759423 -0.041542 29.006668 
-1.759423 -0.041542 29.006668 -1.738336 -0.025160 29.035967 -1.550411 -0.007479 28.855621 
-0.665982 1.197232 29.077536 -0.600087 1.130453 29.005173 -1.085540 0.668020 29.007822 
-1.085540 0.668020 29.007822 -1.214076 0.591675 29.076445 -0.665982 1.197232 29.077536 
0.128953 1.815104 29.044691 0.736143 1.697610 29.057838 0.030154 1.782361 29.055616 
0.030154 1.782361 29.055616 0.736143 1.697610 29.057838 -0.800768 1.569217 29.069353 
-0.800768 1.569217 29.069353 -0.934486 1.536072 29.061422 -0.873763 1.518314 29.054688 
0.149779 1.293025 29.012835 -0.600087 1.130453 29.005173 -0.022605 1.358476 29.044521 
1.302869 0.566868 29.012844 1.408126 -0.113716 29.006033 1.325102 0.384571 29.012880 
1.302869 0.566868 29.012844 1.325102 0.384571 29.012880 1.173492 0.695888 29.012846 
0.149779 1.293025 29.012835 -0.022605 1.358476 29.044521 0.677950 1.191787 29.012846 
1.302869 0.566868 29.012844 1.173492 0.695888 29.012846 0.806969 1.062411 29.012846 
0.806969 1.062411 29.012846 0.149779 1.293025 29.012835 0.677950 1.191787 29.012846 
0.677950 1.191787 29.012846 1.302869 0.566868 29.012844 0.806969 1.062411 29.012846 
-1.188874 -0.662401 29.044630 -1.282330 0.043661 29.019176 -1.132285 -0.633361 29.012854 
-1.188874 -0.662401 29.044630 -1.132285 -0.633361 29.012854 -0.595371 -1.203431 29.012846 
0.806970 -1.145493 29.012846 1.191228 -0.803415 29.019226 0.690701 -1.299562 29.044510 
0.147249 -1.376024 29.012888 0.806970 -1.145493 29.012846 0.690701 -1.299562 29.044510 
-0.549498 -1.296455 29.040115 -1.188874 -0.662401 29.044630 -0.595371 -1.203431 29.012846 
0.147249 -1.376024 29.012888 0.690701 -1.299562 29.044510 -0.021829 -1.432326 29.033966 
-0.549498 -1.296455 29.040115 -0.595371 -1.203431 29.012846 0.147249 -1.376024 29.012888 
-0.549498 -1.296455 29.040115 0.147249 -1.376024 29.012888 -0.021829 -1.432326 29.033966 
1.643414 -1.188233 29.106430 1.993306 -0.332142 29.106174 1.971523 -0.425517 29.190390 
1.971523 -0.425517 29.190390 1.682358 -1.118879 29.190790 1.643414 -1.188233 29.106430 
-1.053048 -0.945661 29.558617 -1.367207 -0.167819 29.552870 -1.313890 -0.511150 29.554443 
1.452971 -0.511150 29.554443 1.502315 -0.087205 29.530865 1.222876 -0.883692 29.534798 
-0.569173 -1.303461 29.520172 -1.053048 -0.945661 29.558617 -0.351212 -1.419804 29.541431 
1.315791 1.451031 29.106800 1.317768 1.453590 29.189312 1.808850 0.816498 29.190571 
1.808850 0.816498 29.190571 1.881293 0.682031 29.105904 1.315791 1.451031 29.106800 
1.653707 -0.960379 29.008101 1.520435 -0.879237 28.863503 1.487029 -0.815691 28.873724 
1.487029 -0.815691 28.873724 1.685227 -0.920226 29.047829 1.653707 -0.960379 29.008101 
1.436758 -1.428433 29.189911 1.682358 -1.118879 29.190790 1.146966 -1.654127 29.192844 
-1.206039 -1.503401 29.191278 -1.721615 -0.783812 29.192053 -1.521406 -1.169006 29.186954 
0.814461 -1.839909 29.188671 1.146966 -1.654127 29.192844 0.194610 -1.977422 29.190823 
1.520435 -0.879237 28.863503 1.503810 -0.823900 28.830353 1.487029 -0.815691 28.873724 
-0.820210 1.532316 29.035967 -0.818604 1.533744 29.036915 -0.800768 1.569217 29.069353 
-0.873763 1.518314 29.054688 -0.769709 1.344166 28.856060 -0.704435 1.375275 28.874996 
-0.820210 1.532316 29.035967 -0.800768 1.569217 29.069353 -0.873763 1.518314 29.054688 
-0.873763 1.518314 29.054688 -0.704435 1.375275 28.874996 -0.820210 1.532316 29.035967 
-1.013652 -1.656090 29.534702 -0.933042 -1.713373 29.370363 -0.306299 -1.948678 29.369928 
-0.306299 -1.948678 29.369928 -0.302510 -1.944309 29.537745 -1.013652 -1.656090 29.534702 
1.452240 -0.510825 29.449823 1.518211 0.218893 29.449818 1.502315 -0.087205 29.530865 
1.502315 -0.087205 29.530865 1.452971 -0.511150 29.554443 1.452240 -0.510825 29.449823 
0.196798 -2.093462 29.760164 1.203103 -1.753283 29.761858 1.093557 -1.840768 29.891903 
1.093557 -1.840768 29.891903 0.331479 -2.097117 29.890665 0.196798 -2.093462 29.760164 
-0.229536 -0.080916 29.091482 -0.214480 0.068948 29.091465 -1.591398 0.917402 29.088696 
-1.591398 0.917402 29.088696 -1.848346 -0.041542 29.088696 -1.591398 -1.000484 29.088696 
-1.591398 -1.000484 29.088696 -0.889402 -1.702479 29.088696 0.069541 -1.959428 29.088696 
0.069541 -1.959428 29.088696 1.028484 -1.702479 29.088696 1.730479 -1.000484 29.088696 
1.730479 -1.000484 29.088696 1.970955 -0.291868 29.088696 0.368618 -0.080916 29.091482 
1.730479 -1.000484 29.088696 0.368618 -0.080916 29.091482 0.348236 -0.156981 29.091482 
-1.591398 -1.000484 29.088696 0.069541 -1.959428 29.088696 1.730479 -1.000484 29.088696 
-0.229536 -0.080916 29.091482 -1.591398 0.917402 29.088696 -1.591398 -1.000484 29.088696 
-0.191703 -0.192370 29.091482 -0.229536 -0.080916 29.091482 -1.591398 -1.000484 29.088696 
1.730479 -1.000484 29.088696 0.348236 -0.156981 29.091482 0.308861 -0.225179 29.091482 
1.730479 -1.000484 29.088696 0.308861 -0.225179 29.091482 0.184980 -0.320237 29.091482 
-0.143764 -0.254846 29.091482 -0.191703 -0.192370 29.091482 -1.591398 -1.000484 29.088696 
-0.045899 -0.320237 29.091482 -0.143764 -0.254846 29.091482 -1.591398 -1.000484 29.088696 
-1.591398 -1.000484 29.088696 1.730479 -1.000484 29.088696 0.184980 -0.320237 29.091482 
0.069540 -0.345711 29.091459 -0.045899 -0.320237 29.091482 -1.591398 -1.000484 29.088696 
0.184980 -0.320237 29.091482 0.069540 -0.345711 29.091459 -1.591398 -1.000484 29.088696 
0.896140 1.389620 28.791807 0.870991 1.357699 28.859119 1.464324 0.769082 28.861828 
1.464324 0.769082 28.861828 1.500891 0.784504 28.791956 0.896140 1.389620 28.791807 
1.684193 -0.079834 28.873724 1.744899 -0.041560 28.863503 1.898503 -0.041542 29.006668 
1.898503 -0.041542 29.006668 1.877417 -0.057923 29.035967 1.684193 -0.079834 28.873724 
1.942628 -0.115719 29.031982 1.886950 -0.024347 29.050896 1.877850 -0.060028 29.036915 
1.877850 -0.060028 29.036915 1.877850 -0.060028 29.036915 1.877417 -0.057923 29.035967 
0.927476 1.697797 29.191141 1.317768 1.453590 29.189312 0.715787 1.794529 29.190281 
1.808850 0.816498 29.190571 1.317768 1.453590 29.189312 1.613788 1.147739 29.190092 
0.843502 1.375286 28.874996 0.908757 1.344187 28.856054 0.987665 1.515935 29.035967 
0.987665 1.515935 29.035967 0.989705 1.515258 29.036915 1.033873 1.521457 29.061754 
0.947981 1.570519 29.048822 0.843502 1.375286 28.874996 0.987665 1.515935 29.035967 
0.987665 1.515935 29.035967 1.033873 1.521457 29.061754 0.947981 1.570519 29.048822 
-0.933042 -1.713373 29.370363 -1.212666 -1.497184 29.369955 -0.553509 -1.878493 29.367311 
-0.304594 1.862087 29.369417 -1.011697 1.569674 29.366766 -0.566291 1.792185 29.369434 
-0.306299 -1.948678 29.369928 -0.553509 -1.878493 29.367311 0.196047 -1.976888 29.367731 
-1.664886 0.813893 29.448074 -1.860234 -0.167926 29.448074 -1.761767 -0.663082 29.448074 
-1.761767 -0.663082 29.448074 -1.464083 -1.218333 29.448074 -1.061573 -0.969386 29.449806 
-1.761767 -0.663082 29.448074 -1.061573 -0.969386 29.449806 -1.380740 -0.284644 29.449806 
-1.205648 1.412382 29.448074 -1.664886 0.813893 29.448074 -1.761767 -0.663082 29.448074 
-0.056844 1.888233 29.448074 -0.785894 1.692885 29.448074 -1.205648 1.412382 29.448074 
0.354478 1.390553 29.449823 0.446925 1.855188 29.448074 -0.056844 1.888233 29.448074 
-0.215398 1.390553 29.449823 0.354478 1.390553 29.449823 -0.056844 1.888233 29.448074 
-1.761767 -0.663082 29.448074 -1.380740 -0.284644 29.449806 -1.313159 0.427742 29.449823 
-0.901931 1.070246 29.448917 -0.215398 1.390553 29.449823 -0.056844 1.888233 29.448074 
-1.205648 1.412382 29.448074 -1.761767 -0.663082 29.448074 -1.313159 0.427742 29.449823 
-0.901931 1.070246 29.448917 -0.056844 1.888233 29.448074 -1.205648 1.412382 29.448074 
-1.313159 0.427742 29.449823 -0.901931 1.070246 29.448917 -1.205648 1.412382 29.448074 
-1.518011 0.871240 29.007683 -1.535492 0.834243 29.056866 -1.716366 0.463713 29.061796 
1.654731 0.877947 29.006878 1.643398 0.848208 29.035967 1.516281 0.771173 28.883284 
-1.313159 0.427742 29.449823 -1.380740 -0.284644 29.449806 -1.367207 -0.167819 29.552870 
-1.367207 -0.167819 29.552870 -1.277018 0.431370 29.534863 -1.313159 0.427742 29.449823 
1.688055 -0.008195 28.857977 1.684193 -0.079834 28.873724 1.877417 -0.057923 29.035967 
1.877417 -0.057923 29.035967 1.877850 -0.060028 29.036915 1.886950 -0.024347 29.050896 
1.877417 -0.057923 29.035967 1.886950 -0.024347 29.050896 1.688055 -0.008195 28.857977 
-0.530033 -1.807838 29.032755 0.065835 -1.874102 29.006878 0.145104 -1.906283 29.063911 
0.145104 -1.906283 29.063911 0.669115 -1.807838 29.032755 0.849192 -1.828820 29.107166 
0.849192 -1.828820 29.107166 0.257959 -1.979446 29.105116 -0.432908 -1.928617 29.108576 
-0.432908 -1.928617 29.108576 -0.530033 -1.807838 29.032755 0.145104 -1.906283 29.063911 
0.145104 -1.906283 29.063911 0.849192 -1.828820 29.107166 -0.432908 -1.928617 29.108576 
-1.282330 0.043661 29.019176 -1.085540 0.668020 29.007822 -1.082125 0.633934 28.829367 
-1.082125 0.633934 28.829367 -1.255625 0.045185 28.829453 -1.282330 0.043661 29.019176 
0.257959 -1.979446 29.105116 0.849192 -1.828820 29.107166 0.814461 -1.839909 29.188671 
0.814461 -1.839909 29.188671 0.194610 -1.977422 29.190823 0.257959 -1.979446 29.105116 
0.782985 1.194181 30.504217 0.069540 1.385348 30.504217 0.069540 1.385348 30.662598 
0.069540 1.385348 30.662598 0.782985 1.194181 30.662598 0.782985 1.194181 30.504217 
0.782986 -1.277264 30.504217 0.782986 -1.277264 30.662598 0.069541 -1.468431 30.662598 
0.069541 -1.468431 30.662598 0.069541 -1.468431 30.504217 0.782986 -1.277264 30.504217 
1.898503 -0.041542 29.006668 1.744899 -0.041560 28.863503 1.688055 -0.008195 28.857977 
1.688055 -0.008195 28.857977 1.886950 -0.024347 29.050896 1.898503 -0.041542 29.006668 
1.454565 -0.879647 28.857969 1.520435 -0.879237 28.863503 1.653707 -0.960379 29.008101 
1.653707 -0.960379 29.008101 1.627016 -0.959667 29.035967 1.454565 -0.879647 28.857969 
1.317768 1.453590 29.189312 1.315791 1.451031 29.106800 0.737482 1.792524 29.107143 
0.737482 1.792524 29.107143 0.715787 1.794529 29.190281 1.317768 1.453590 29.189312 
1.653707 -0.960379 29.008101 1.655928 -0.992503 29.073233 1.626339 -0.961707 29.036915 
0.145104 -1.906283 29.063911 1.655928 -0.992503 29.073233 0.976217 -1.611574 29.048790 
0.806970 -1.145493 29.012846 0.807231 -1.145805 28.829453 1.208071 -0.738998 28.829838 
1.208071 -0.738998 28.829838 1.191228 -0.803415 29.019226 0.806970 -1.145493 29.012846 
-0.643904 1.194181 30.662598 -0.643904 1.194181 30.504217 -1.166182 0.671903 30.504217 
-1.166182 0.671903 30.504217 -1.166182 0.671903 30.662598 -0.643904 1.194181 30.662598 
1.813149 0.818934 29.534817 2.004559 0.081164 29.538260 1.974724 0.323515 29.368835 
1.974724 0.323515 29.368835 1.808504 0.817680 29.368511 1.813149 0.818934 29.534817 
1.034376 -1.628940 29.019382 0.906802 -1.491863 28.863102 0.910078 -1.420963 28.873400 
0.910078 -1.420963 28.873400 0.976217 -1.611574 29.048790 1.034376 -1.628940 29.019382 
0.906802 -1.491863 28.863102 0.920475 -1.436219 28.830353 0.910078 -1.420963 28.873400 
1.520435 -0.879237 28.863503 1.454565 -0.879647 28.857969 1.503810 -0.823900 28.830353 
0.910078 -1.420963 28.873400 0.843979 -1.459260 28.873194 0.976217 -1.611574 29.048790 
-0.788510 -1.781588 29.542292 -1.013652 -1.656090 29.534702 -0.302510 -1.944309 29.537745 
0.066249 1.790486 29.006954 0.030154 1.782361 29.055616 -0.800768 1.569217 29.069353 
-0.800768 1.569217 29.069353 -0.843010 1.546380 29.007706 -0.294362 1.787903 29.032755 
-0.800768 1.569217 29.069353 -0.294362 1.787903 29.032755 0.066249 1.790486 29.006954 
-1.517860 -0.954281 29.007811 -1.696756 -0.641115 29.032755 -1.790544 -0.096775 29.032782 
-1.790544 -0.096775 29.032782 -1.750867 -0.079072 29.055735 -1.544906 -0.938936 29.074154 
-1.790544 -0.096775 29.032782 -1.544906 -0.938936 29.074154 -1.517860 -0.954281 29.007811 
0.065835 -1.874102 29.006878 0.069522 -1.716900 28.863503 0.107853 -1.656197 28.873726 
0.107853 -1.656197 28.873726 0.086428 -1.849374 29.036346 0.065835 -1.874102 29.006878 
0.069522 -1.716900 28.863503 0.109134 -1.674835 28.830353 0.107853 -1.656197 28.873726 
1.810245 0.619732 29.055504 0.736143 1.697610 29.057838 0.947981 1.570519 29.048822 
0.947981 1.570519 29.048822 1.033873 1.521457 29.061754 1.627334 0.901550 29.056236 
1.627334 0.901550 29.056236 1.703478 0.834514 29.048082 1.810245 0.619732 29.055504 
1.810245 0.619732 29.055504 0.947981 1.570519 29.048822 1.627334 0.901550 29.056236 
0.036194 1.576973 28.857977 0.107833 1.573111 28.873724 0.085923 1.766334 29.035967 
0.085923 1.766334 29.035967 0.088027 1.766768 29.036915 0.128953 1.815104 29.044691 
0.030154 1.782361 29.055616 0.036194 1.576973 28.857977 0.085923 1.766334 29.035967 
0.085923 1.766334 29.035967 0.128953 1.815104 29.044691 0.030154 1.782361 29.055616 
0.843979 -1.459260 28.873194 0.906802 -1.491863 28.863102 0.970213 -1.643109 29.011965 
0.970213 -1.643109 29.011965 0.976217 -1.611574 29.048790 0.843979 -1.459260 28.873194 
-0.740348 1.379372 28.867048 -0.762120 1.387830 28.792046 -1.360610 0.788003 28.792089 
-1.360610 0.788003 28.792089 -1.327236 0.768472 28.861216 -0.740348 1.379372 28.867048 
-1.730002 -1.066208 29.890991 -0.876653 -1.880887 29.889492 -1.487472 -1.403470 29.894846 
-0.162408 -2.101181 29.890097 -0.876653 -1.880887 29.889492 0.331479 -2.097117 29.890665 
-1.360610 0.788003 28.792089 -1.521699 0.384829 28.785028 -1.583167 -0.040995 28.791845 
-1.508632 -1.179967 29.104712 -1.863802 -0.282128 29.105963 -1.725962 -0.791880 29.106808 
-1.517860 -0.954281 29.007811 -1.381372 -0.879205 28.863503 -1.316326 -0.881050 28.855627 
-1.316326 -0.881050 28.855627 -1.499205 -1.002695 29.047844 -1.517860 -0.954281 29.007811 
1.353157 0.591675 29.076445 1.497794 -0.134967 29.076445 1.408126 -0.113716 29.006033 
1.408126 -0.113716 29.006033 1.302869 0.566868 29.012844 1.353157 0.591675 29.076445 
-1.359060 -0.795203 28.847851 -1.128073 -0.674142 28.829557 -1.255625 0.045185 28.829453 
-1.544670 -0.059640 28.858673 -1.359060 -0.795203 28.847851 -1.255625 0.045185 28.829453 
-0.740348 1.379372 28.867048 -1.327236 0.768472 28.861216 -1.544670 -0.059640 28.858673 
0.870991 1.357699 28.859119 0.061363 1.572125 28.860828 -0.740348 1.379372 28.867048 
1.280985 0.532540 28.829498 1.464324 0.769082 28.861828 0.870991 1.357699 28.859119 
0.807230 1.062722 28.829453 1.280985 0.532540 28.829498 0.870991 1.357699 28.859119 
-1.544670 -0.059640 28.858673 -1.255625 0.045185 28.829453 -1.082125 0.633934 28.829367 
-0.740348 1.379372 28.867048 -1.544670 -0.059640 28.858673 -1.082125 0.633934 28.829367 
0.107979 1.311240 28.829475 0.807230 1.062722 28.829453 0.870991 1.357699 28.859119 
-0.740348 1.379372 28.867048 -1.082125 0.633934 28.829367 -0.668149 1.062722 28.829453 
0.107979 1.311240 28.829475 0.870991 1.357699 28.859119 -0.740348 1.379372 28.867048 
-0.668149 1.062722 28.829453 0.107979 1.311240 28.829475 -0.740348 1.379372 28.867048 
-0.517935 -1.232532 28.829453 -1.128073 -0.674142 28.829557 -1.359060 -0.795203 28.847851 
-1.359060 -0.795203 28.847851 -0.741842 -1.434347 28.856836 0.069514 -1.655627 28.862206 
0.069514 -1.655627 28.862206 0.881101 -1.434723 28.858997 1.468947 -0.844165 28.861824 
1.468947 -0.844165 28.861824 1.682043 -0.035998 28.859119 1.464324 0.769082 28.861828 
1.464324 0.769082 28.861828 1.280985 0.532540 28.829498 1.394706 -0.128268 28.829453 
1.468947 -0.844165 28.861824 1.464324 0.769082 28.861828 1.394706 -0.128268 28.829453 
-0.517935 -1.232532 28.829453 -1.359060 -0.795203 28.847851 0.069514 -1.655627 28.862206 
0.145676 -1.385596 28.829563 -0.517935 -1.232532 28.829453 0.069514 -1.655627 28.862206 
1.468947 -0.844165 28.861824 1.394706 -0.128268 28.829453 1.208071 -0.738998 28.829838 
0.807231 -1.145805 28.829453 0.145676 -1.385596 28.829563 0.069514 -1.655627 28.862206 
1.468947 -0.844165 28.861824 1.208071 -0.738998 28.829838 0.807231 -1.145805 28.829453 
0.069514 -1.655627 28.862206 1.468947 -0.844165 28.861824 0.807231 -1.145805 28.829453 
0.220342 -1.509192 29.449430 1.055430 -1.143077 29.449652 0.822909 -1.259917 29.534870 
0.822909 -1.259917 29.534870 0.320694 -1.448957 29.535654 0.220342 -1.509192 29.449430 
0.745104 1.893746 29.759775 0.884418 1.863212 29.892536 1.539873 1.417906 29.890261 
1.539873 1.417906 29.890261 1.594686 1.350866 29.758938 0.745104 1.893746 29.759775 
1.500891 0.784504 28.791956 1.234485 1.123205 28.785402 0.896140 1.389620 28.791807 
1.913331 0.862492 29.762201 1.977152 0.766001 29.889095 2.086800 0.363634 29.884518 
2.086800 0.363634 29.884518 2.117553 0.099224 29.759012 1.913331 0.862492 29.762201 
0.069893 1.611079 28.791883 -0.762120 1.387830 28.792046 -0.740348 1.379372 28.867048 
-0.740348 1.379372 28.867048 0.061363 1.572125 28.860828 0.069893 1.611079 28.791883 
-0.770948 -1.420725 28.873724 -0.768155 -1.492436 28.863503 -0.843945 -1.630389 29.006433 
-0.843945 -1.630389 29.006433 -0.848585 -1.599017 29.035967 -0.770948 -1.420725 28.873724 
-0.609284 1.219897 29.534796 -1.079307 0.834253 29.554750 -0.992610 0.890037 29.495562 
1.654731 0.877947 29.006878 1.516281 0.771173 28.883284 1.508813 0.811339 28.862823 
-0.741842 -1.434347 28.856836 -1.359060 -0.795203 28.847851 -1.361738 -0.867817 28.791981 
-1.361738 -0.867817 28.791981 -0.756314 -1.473040 28.791924 -0.741842 -1.434347 28.856836 
0.109133 1.591752 28.830353 0.036194 1.576973 28.857977 0.069559 1.633818 28.863503 
0.220342 -1.509192 29.449430 0.320694 -1.448957 29.535654 -0.351212 -1.419804 29.541431 
-0.351212 -1.419804 29.541431 -0.570558 -1.364304 29.449286 0.220342 -1.509192 29.449430 
-0.306299 -1.948678 29.369928 0.196047 -1.976888 29.367731 0.195703 -1.978351 29.538948 
0.195703 -1.978351 29.538948 -0.302510 -1.944309 29.537745 -0.306299 -1.948678 29.369928 
0.036231 -1.660061 28.857969 0.069522 -1.716900 28.863503 0.065835 -1.874102 29.006878 
0.065835 -1.874102 29.006878 0.053158 -1.849417 29.035967 0.036231 -1.660061 28.857969 
0.065835 -1.874102 29.006878 0.015901 -1.877305 29.061754 0.051053 -1.849851 29.036915 
-0.215398 1.390553 29.449823 -0.083336 1.378368 29.534840 0.354563 1.391349 29.554443 
0.354563 1.391349 29.554443 0.354478 1.390553 29.449823 -0.215398 1.390553 29.449823 
0.357679 0.056284 29.498329 1.413185 0.448054 29.523579 1.131691 0.890037 29.495562 
1.131691 0.890037 29.495562 0.729409 1.226836 29.535019 -0.083336 1.378368 29.534840 
-0.083336 1.378368 29.534840 -0.609284 1.219897 29.534796 -0.992610 0.890037 29.495562 
-0.992610 0.890037 29.495562 -1.277018 0.431370 29.534863 -1.340843 -0.187493 29.495445 
-1.340843 -0.187493 29.495445 -0.226438 -0.100431 29.498348 -0.226438 0.017348 29.498348 
-1.340843 -0.187493 29.495445 -0.226438 0.017348 29.498348 -0.157340 0.157447 29.498348 
-0.083336 1.378368 29.534840 -0.992610 0.890037 29.495562 -1.340843 -0.187493 29.495445 
0.357679 0.056284 29.498329 1.131691 0.890037 29.495562 -0.083336 1.378368 29.534840 
0.296421 0.157447 29.498348 0.357679 0.056284 29.498329 -0.083336 1.378368 29.534840 
-0.083336 1.378368 29.534840 -1.340843 -0.187493 29.495445 -0.157340 0.157447 29.498348 
-0.083336 1.378368 29.534840 -0.157340 0.157447 29.498348 -0.063947 0.229110 29.498348 
0.203027 0.229110 29.498348 0.296421 0.157447 29.498348 -0.083336 1.378368 29.534840 
0.128430 0.254437 29.498348 0.203027 0.229110 29.498348 -0.083336 1.378368 29.534840 
-0.083336 1.378368 29.534840 -0.063947 0.229110 29.498348 0.010651 0.254437 29.498348 
-0.083336 1.378368 29.534840 0.010651 0.254437 29.498348 0.128430 0.254437 29.498348 
1.655928 -0.992503 29.073233 1.810245 0.619732 29.055504 1.886950 -0.024347 29.050896 
0.108915 0.257536 28.832716 0.253178 0.197780 28.832716 0.871832 1.004025 28.829929 
0.871832 1.004025 28.829929 0.411646 1.235214 28.829718 -0.272565 1.235214 28.829718 
-0.272565 1.235214 28.829718 -0.865109 0.893109 28.829718 -1.207215 0.300563 28.829718 
-1.207215 0.300563 28.829718 -1.207215 -0.383647 28.829718 -0.976026 -0.843833 28.829929 
-0.976026 -0.843833 28.829929 -0.169780 -0.225180 28.832716 -0.209155 -0.156981 28.832716 
-0.976026 -0.843833 28.829929 -0.209155 -0.156981 28.832716 -0.229537 -0.002167 28.832716 
-0.272565 1.235214 28.829718 -1.207215 0.300563 28.829718 -0.976026 -0.843833 28.829929 
0.108915 0.257536 28.832716 0.871832 1.004025 28.829929 -0.272565 1.235214 28.829718 
0.030166 0.257536 28.832716 0.108915 0.257536 28.832716 -0.272565 1.235214 28.829718 
-0.272565 1.235214 28.829718 -0.976026 -0.843833 28.829929 -0.229537 -0.002167 28.832716 
-0.272565 1.235214 28.829718 -0.229537 -0.002167 28.832716 -0.209155 0.073897 28.832716 
-0.045899 0.237154 28.832716 0.030166 0.257536 28.832716 -0.272565 1.235214 28.829718 
-0.272565 1.235214 28.829718 -0.209155 0.073897 28.832716 -0.169780 0.142097 28.832716 
-0.272565 1.235214 28.829718 -0.169780 0.142097 28.832716 -0.045899 0.237154 28.832716 
-1.063390 -1.754964 29.762609 -0.330478 -2.054146 29.757839 0.196798 -2.093462 29.760164 
0.196798 -2.093462 29.760164 0.331479 -2.097117 29.890665 -0.876653 -1.880887 29.889492 
0.196798 -2.093462 29.760164 -0.876653 -1.880887 29.889492 -1.063390 -1.754964 29.762609 
-0.643905 -1.277264 30.662598 -0.643905 -1.277264 30.504217 0.069541 -1.468431 30.504217 
0.069541 -1.468431 30.504217 0.069541 -1.468431 30.662598 -0.643905 -1.277264 30.662598 
0.814461 -1.839909 29.188671 1.436758 -1.428433 29.189911 1.146966 -1.654127 29.192844 
1.722178 -0.041762 28.791887 1.682043 -0.035998 28.859119 1.468947 -0.844165 28.861824 
1.468947 -0.844165 28.861824 1.500669 -0.868035 28.791916 1.722178 -0.041762 28.791887 
-0.843945 -1.630389 29.006433 -0.768155 -1.492436 28.863503 -0.710901 -1.461510 28.855627 
-0.710901 -1.461510 28.855627 -0.808679 -1.639863 29.055189 -0.843945 -1.630389 29.006433 
0.677950 1.191787 29.012846 0.702758 1.242075 29.076445 1.353157 0.591675 29.076445 
1.353157 0.591675 29.076445 1.302869 0.566868 29.012844 0.677950 1.191787 29.012846 
0.145104 -1.906283 29.063911 0.976217 -1.611574 29.048790 0.970213 -1.643109 29.011965 
0.970213 -1.643109 29.011965 0.669115 -1.807838 29.032755 0.145104 -1.906283 29.063911 
-1.095320 -1.206397 28.785578 -0.356831 -1.632766 28.785578 -0.756314 -1.473040 28.791924 
-0.330478 -2.054146 29.757839 0.470024 -2.054140 29.757980 0.196798 -2.093462 29.760164 
-1.639019 -1.179582 29.759476 -1.063390 -1.754964 29.762609 -1.296119 -1.573352 29.759657 
1.913331 0.862492 29.762201 1.209892 1.664963 29.759081 1.594686 1.350866 29.758938 
1.348464 -1.499884 29.537207 0.692982 -1.878645 29.541964 1.161281 -1.656445 29.535028 
1.528091 1.236366 29.538069 1.907060 0.581300 29.542614 1.813149 0.818934 29.534817 
0.745104 1.893746 29.759775 1.209892 1.664963 29.759081 0.203461 2.006793 29.759384 
-1.544906 -0.938936 29.074154 -1.750867 -0.079072 29.055735 -1.716366 0.463713 29.061796 
2.004559 0.081164 29.538260 1.808410 -0.904642 29.539074 1.969220 -0.453435 29.536051 
-1.768369 0.589208 29.106649 -1.863802 -0.282128 29.105963 -1.871062 0.087042 29.110611 
-0.973670 1.604693 29.112427 -0.550287 1.798357 29.107897 -0.790012 1.698920 29.105881 
-0.973670 1.604693 29.112427 -0.790012 1.698920 29.105881 -1.343526 1.302343 29.103865 
-0.192694 1.883687 29.107519 0.235612 1.895923 29.108585 0.737482 1.792524 29.107143 
0.737482 1.792524 29.107143 0.736143 1.697610 29.057838 0.128953 1.815104 29.044691 
0.128953 1.815104 29.044691 0.066249 1.790486 29.006954 -0.294362 1.787903 29.032755 
-0.192694 1.883687 29.107519 0.737482 1.792524 29.107143 0.128953 1.815104 29.044691 
0.128953 1.815104 29.044691 -0.294362 1.787903 29.032755 -0.192694 1.883687 29.107519 
-0.356831 -1.632766 28.785578 0.495768 -1.632787 28.785402 0.069860 -1.693979 28.791965 
1.208071 -0.738998 28.829838 1.394706 -0.128268 28.829453 1.408126 -0.113716 29.006033 
1.408126 -0.113716 29.006033 1.191228 -0.803415 29.019226 1.208071 -0.738998 28.829838 
1.810245 0.619732 29.055504 1.881293 0.682031 29.105904 2.009729 0.064214 29.108170 
2.009729 0.064214 29.108170 1.993306 -0.332142 29.106174 1.942628 -0.115719 29.031982 
1.942628 -0.115719 29.031982 1.898503 -0.041542 29.006668 1.931851 0.023317 29.046232 
1.931851 0.023317 29.046232 1.810245 0.619732 29.055504 2.009729 0.064214 29.108170 
2.009729 0.064214 29.108170 1.942628 -0.115719 29.031982 1.931851 0.023317 29.046232 
-1.512912 0.958735 29.039909 -1.518011 0.871240 29.007683 -1.716366 0.463713 29.061796 
-1.716366 0.463713 29.061796 -1.768369 0.589208 29.106649 -1.547314 1.038481 29.107433 
-1.547314 1.038481 29.107433 -1.343526 1.302343 29.103865 -1.512912 0.958735 29.039909 
-1.716366 0.463713 29.061796 -1.547314 1.038481 29.107433 -1.512912 0.958735 29.039909 
-1.858896 0.216941 29.102865 -1.863802 -0.282128 29.105963 -1.768369 0.589208 29.106649 
1.315791 1.451031 29.106800 1.574728 1.191633 29.109030 1.881293 0.682031 29.105904 
1.881293 0.682031 29.105904 1.810245 0.619732 29.055504 1.703478 0.834514 29.048082 
1.703478 0.834514 29.048082 1.654731 0.877947 29.006878 1.299411 1.360853 29.032755 
1.299411 1.360853 29.032755 1.315791 1.451031 29.106800 1.881293 0.682031 29.105904 
1.881293 0.682031 29.105904 1.703478 0.834514 29.048082 1.299411 1.360853 29.032755 
0.669115 -1.807838 29.032755 0.970213 -1.643109 29.011965 1.034376 -1.628940 29.019382 
1.034376 -1.628940 29.019382 1.352660 -1.499993 29.105370 0.849192 -1.828820 29.107166 
1.034376 -1.628940 29.019382 0.849192 -1.828820 29.107166 0.669115 -1.807838 29.032755 
0.806970 -1.145493 29.012846 0.147249 -1.376024 29.012888 0.145676 -1.385596 28.829563 
0.145676 -1.385596 28.829563 0.807231 -1.145805 28.829453 0.806970 -1.145493 29.012846 
-1.350428 0.738899 28.855627 -1.309643 0.798947 28.873724 -1.487934 0.876585 29.035967 
-1.487934 0.876585 29.035967 -1.487258 0.878624 29.036915 -1.512912 0.958735 29.039909 
-1.535492 0.834243 29.056866 -1.350428 0.738899 28.855627 -1.487934 0.876585 29.035967 
-1.487934 0.876585 29.035967 -1.512912 0.958735 29.039909 -1.535492 0.834243 29.056866 
-1.670103 0.816049 29.190378 -1.706074 0.757925 29.107012 -1.863802 -0.282128 29.105963 
-1.863802 -0.282128 29.105963 -1.866480 -0.173198 29.187834 -1.834311 0.365368 29.189499 
-1.863802 -0.282128 29.105963 -1.834311 0.365368 29.189499 -1.670103 0.816049 29.190378 
-1.706074 0.757925 29.107012 -1.547314 1.038481 29.107433 -1.768369 0.589208 29.106649 
-1.544906 -0.938936 29.074154 0.145104 -1.906283 29.063911 0.015901 -1.877305 29.061754 
-0.808679 -1.639863 29.055189 -0.929569 -1.623894 29.038679 -1.544906 -0.938936 29.074154 
-1.544906 -0.938936 29.074154 0.015901 -1.877305 29.061754 -0.808679 -1.639863 29.055189 
0.814461 -1.839909 29.188671 0.849192 -1.828820 29.107166 1.643414 -1.188233 29.106430 
1.643414 -1.188233 29.106430 1.682358 -1.118879 29.190790 1.436758 -1.428433 29.189911 
1.643414 -1.188233 29.106430 1.436758 -1.428433 29.189911 0.814461 -1.839909 29.188671 
-1.521406 -1.169006 29.186954 -1.866480 -0.173198 29.187834 -1.863802 -0.282128 29.105963 
-1.863802 -0.282128 29.105963 -1.508632 -1.179967 29.104712 -1.521406 -1.169006 29.186954 
1.594686 1.350866 29.758938 1.539873 1.417906 29.890261 1.977152 0.766001 29.889095 
1.977152 0.766001 29.889095 1.913331 0.862492 29.762201 1.594686 1.350866 29.758938 
-0.550287 1.798357 29.107897 -0.973670 1.604693 29.112427 -1.205944 1.420418 29.192600 
-1.205944 1.420418 29.192600 -0.786118 1.699695 29.189125 -0.550287 1.798357 29.107897 
0.782985 1.194181 30.504217 0.782985 1.194181 30.662598 1.305263 0.671903 30.662598 
1.305263 0.671903 30.662598 1.305263 0.671903 30.504217 0.782985 1.194181 30.504217 
-1.014305 -1.652153 29.108097 -1.206039 -1.503401 29.191278 -1.521406 -1.169006 29.186954 
-1.521406 -1.169006 29.186954 -1.508632 -1.179967 29.104712 -1.014305 -1.652153 29.108097 
2.083554 -0.442067 29.760803 2.142893 -0.199224 29.889523 1.845637 -1.102475 29.891542 
1.845637 -1.102475 29.891542 1.904197 -0.961599 29.757414 2.083554 -0.442067 29.760803 
1.347945 1.416910 29.368498 0.930746 1.697193 29.369869 1.145862 1.572537 29.540810 
1.145862 1.572537 29.540810 1.528091 1.236366 29.538069 1.347945 1.416910 29.368498 
1.145862 1.572537 29.540810 0.930746 1.697193 29.369869 0.197903 1.893909 29.367794 
0.197903 1.893909 29.367794 -0.304594 1.862087 29.369417 -0.298650 1.864250 29.537907 
0.688409 1.796073 29.538797 1.145862 1.572537 29.540810 0.197903 1.893909 29.367794 
0.197903 1.893909 29.367794 -0.298650 1.864250 29.537907 0.688409 1.796073 29.538797 
-1.357349 -0.041542 30.504217 -1.357349 -0.041542 30.662598 -1.166182 0.671903 30.662598 
-1.166182 0.671903 30.662598 -1.166182 0.671903 30.504217 -1.357349 -0.041542 30.504217 
-1.367207 -0.167819 29.552870 -1.340843 -0.187493 29.495445 -1.277018 0.431370 29.534863 
-1.205944 1.420418 29.192600 -0.973670 1.604693 29.112427 -1.706074 0.757925 29.107012 
-1.706074 0.757925 29.107012 -1.670103 0.816049 29.190378 -1.473733 1.146232 29.189861 
-1.706074 0.757925 29.107012 -1.473733 1.146232 29.189861 -1.205944 1.420418 29.192600 
-1.639019 -1.179582 29.759476 -1.730002 -1.066208 29.890991 -1.976802 -0.348779 29.888006 
-1.976802 -0.348779 29.888006 -1.978559 -0.178437 29.758802 -1.639019 -1.179582 29.759476 
0.196047 -1.976888 29.367731 0.712785 -1.868122 29.371677 1.147325 -1.654068 29.368217 
1.147325 -1.654068 29.368217 1.161281 -1.656445 29.535028 0.195703 -1.978351 29.538948 
1.147325 -1.654068 29.368217 0.195703 -1.978351 29.538948 0.196047 -1.976888 29.367731 
-1.011697 1.569674 29.366766 -1.000321 1.576913 29.538748 -0.298650 1.864250 29.537907 
-0.298650 1.864250 29.537907 -0.304594 1.862087 29.369417 -0.566291 1.792185 29.369434 
-0.298650 1.864250 29.537907 -0.566291 1.792185 29.369434 -1.011697 1.569674 29.366766 
-1.474426 1.310984 29.759369 -1.769112 0.875591 29.762815 -1.120810 1.634956 29.758587 
1.209892 1.664963 29.759081 0.745104 1.893746 29.759775 1.594686 1.350866 29.758938 
-1.706074 0.757925 29.107012 -0.973670 1.604693 29.112427 -1.343526 1.302343 29.103865 
-1.343526 1.302343 29.103865 -1.547314 1.038481 29.107433 -1.706074 0.757925 29.107012 
-1.105200 -0.826391 29.495562 -1.340843 -0.187493 29.495445 -1.367207 -0.167819 29.552870 
-1.367207 -0.167819 29.552870 -1.053048 -0.945661 29.558617 -1.105200 -0.826391 29.495562 
1.643414 -1.188233 29.106430 1.895831 -0.707646 29.107403 1.993306 -0.332142 29.106174 
1.881293 0.682031 29.105904 1.574728 1.191633 29.109030 1.315791 1.451031 29.106800 
-0.192694 1.883687 29.107519 -0.550287 1.798357 29.107897 0.235612 1.895923 29.108585 
-1.120810 1.634956 29.758587 -0.339511 1.970183 29.759451 -0.838537 1.798885 29.759573 
1.161281 -1.656445 29.535028 1.147325 -1.654068 29.368217 1.527429 -1.320607 29.368410 
1.527429 -1.320607 29.368410 1.807080 -0.906114 29.368214 1.808410 -0.904642 29.539074 
1.348464 -1.499884 29.537207 1.161281 -1.656445 29.535028 1.527429 -1.320607 29.368410 
1.527429 -1.320607 29.368410 1.808410 -0.904642 29.539074 1.348464 -1.499884 29.537207 
-1.866491 0.085128 29.540550 -1.877784 -0.017033 29.369688 -1.545890 -1.115521 29.366228 
-1.545890 -1.115521 29.366228 -1.629061 -0.991385 29.532234 -1.770451 -0.656220 29.538752 
-1.545890 -1.115521 29.366228 -1.770451 -0.656220 29.538752 -1.866491 0.085128 29.540550 
1.496430 -0.041542 30.662598 1.496430 -0.041542 30.504217 1.305263 0.671903 30.504217 
1.305263 0.671903 30.504217 1.305263 0.671903 30.662598 1.496430 -0.041542 30.662598 
-1.978559 -0.178437 29.758802 -1.976802 -0.348779 29.888006 -1.986420 0.084468 29.889158 
-1.986420 0.084468 29.889158 -1.954282 0.379945 29.756657 -1.978559 -0.178437 29.758802 
-1.357349 -0.041542 30.662598 -1.357349 -0.041542 30.504217 -1.166182 -0.754986 30.504217 
-1.166182 -0.754986 30.504217 -1.166182 -0.754986 30.662598 -1.357349 -0.041542 30.662598 
0.195703 -1.978351 29.538948 1.161281 -1.656445 29.535028 0.692982 -1.878645 29.541964 
0.203461 2.006793 29.759384 0.184218 2.022416 29.891966 0.884418 1.863212 29.892536 
0.884418 1.863212 29.892536 0.745104 1.893746 29.759775 0.203461 2.006793 29.759384 
1.203103 -1.753283 29.761858 1.606366 -1.403084 29.760918 1.904197 -0.961599 29.757414 
1.904197 -0.961599 29.757414 1.845637 -1.102475 29.891542 1.093557 -1.840768 29.891903 
1.904197 -0.961599 29.757414 1.093557 -1.840768 29.891903 1.203103 -1.753283 29.761858 
-0.554631 -1.878059 29.189394 -0.432908 -1.928617 29.108576 0.257959 -1.979446 29.105116 
0.257959 -1.979446 29.105116 0.194610 -1.977422 29.190823 -0.554631 -1.878059 29.189394 
2.083554 -0.442067 29.760803 2.117553 0.099224 29.759012 2.086800 0.363634 29.884518 
2.086800 0.363634 29.884518 2.142893 -0.199224 29.889523 2.083554 -0.442067 29.760803 
1.203103 -1.753283 29.761858 0.196798 -2.093462 29.760164 0.470024 -2.054140 29.757980 
0.203215 1.894467 29.541592 0.688409 1.796073 29.538797 -0.298650 1.864250 29.537907 
-1.545890 -1.115521 29.366228 -1.877784 -0.017033 29.369688 -1.832639 -0.419929 29.366495 
-0.306299 -1.948678 29.369928 -0.933042 -1.713373 29.370363 -0.553509 -1.878493 29.367311 
2.005236 -0.169047 29.365744 1.974724 0.323515 29.368835 1.807080 -0.906114 29.368214 
1.348318 1.416472 29.193436 1.808850 0.816498 29.190571 1.613788 1.147739 29.190092 
1.317768 1.453590 29.189312 0.927476 1.697797 29.191141 1.348318 1.416472 29.193436 
1.613788 1.147739 29.190092 1.317768 1.453590 29.189312 1.348318 1.416472 29.193436 
-1.834311 0.365368 29.189499 -1.866480 -0.173198 29.187834 -1.670103 0.816049 29.190378 
-1.473733 1.146232 29.189861 -1.670103 0.816049 29.190378 -1.205944 1.420418 29.192600 
0.203461 2.006793 29.759384 -0.339511 1.970183 29.759451 -0.752166 1.861240 29.889349 
-0.752166 1.861240 29.889349 0.184218 2.022416 29.891966 0.203461 2.006793 29.759384 
-0.432908 -1.928617 29.108576 -0.554631 -1.878059 29.189394 -1.206039 -1.503401 29.191278 
-1.206039 -1.503401 29.191278 -1.014305 -1.652153 29.108097 -0.432908 -1.928617 29.108576 
-0.752166 1.861240 29.889349 -1.120810 1.634956 29.758587 -1.769112 0.875591 29.762815 
-1.769112 0.875591 29.762815 -1.832365 0.780216 29.892363 -1.417285 1.386352 29.888969 
-1.769112 0.875591 29.762815 -1.417285 1.386352 29.888969 -0.752166 1.861240 29.889349 
-0.643904 1.194181 30.504217 -0.643904 1.194181 30.662598 0.069540 1.385348 30.662598 
0.069540 1.385348 30.662598 0.069540 1.385348 30.504217 -0.643904 1.194181 30.504217 
-0.550287 1.798357 29.107897 -0.786118 1.699695 29.189125 0.193896 1.894408 29.191334 
0.193896 1.894408 29.191334 0.235612 1.895923 29.108585 -0.550287 1.798357 29.107897 
1.234479 -1.206319 28.785254 1.660713 -0.468041 28.785402 1.500669 -0.868035 28.791916 
-0.356937 1.549655 28.785255 -1.095205 1.123404 28.785402 -0.762120 1.387830 28.792046 
-1.521656 -0.468019 28.785255 -1.095320 -1.206397 28.785578 -1.361738 -0.867817 28.791981 
1.660737 0.384936 28.785254 1.234485 1.123205 28.785402 1.500891 0.784504 28.791956 
-1.583167 -0.040995 28.791845 -1.521656 -0.468019 28.785255 -1.361738 -0.867817 28.791981 
1.722178 -0.041762 28.791887 1.660737 0.384936 28.785254 1.500891 0.784504 28.791956 
0.895421 -1.473101 28.791845 1.234479 -1.206319 28.785254 1.500669 -0.868035 28.791916 
0.069860 -1.693979 28.791965 0.495768 -1.632787 28.785402 0.895421 -1.473101 28.791845 
0.896140 1.389620 28.791807 0.495912 1.549697 28.785028 0.069893 1.611079 28.791883 
-0.569173 -1.303461 29.520172 -1.105200 -0.826391 29.495562 -1.053048 -0.945661 29.558617 
1.500669 -0.868035 28.791916 1.660713 -0.468041 28.785402 1.722178 -0.041762 28.791887 
-0.762120 1.387830 28.792046 -1.095205 1.123404 28.785402 -1.360610 0.788003 28.792089 
-1.361738 -0.867817 28.791981 -1.095320 -1.206397 28.785578 -0.756314 -1.473040 28.791924 
0.069893 1.611079 28.791883 -0.356937 1.549655 28.785255 -0.762120 1.387830 28.792046 
-0.756314 -1.473040 28.791924 -0.356831 -1.632766 28.785578 0.069860 -1.693979 28.791965 
