-0.052342 -1.980738 29.549631 -0.057169 -2.083454 29.748140 0.062377 -2.086270 29.749077 
0.577464 -1.917002 29.549631 0.605909 -2.015819 29.748140 0.720016 -1.980058 29.749077 
0.933588 -1.781875 29.549631 0.980765 -1.873244 29.748140 1.085703 -1.815909 29.749077 
0.328322 -1.967255 29.549631 0.343626 -2.068939 29.748140 0.461424 -2.048378 29.749077 
0.201820 -1.980057 29.549631 0.210441 -2.082525 29.748140 0.329332 -2.069712 29.749077 
1.045561 -1.721637 29.549631 1.098614 -1.809725 29.748140 1.199577 -1.745649 29.749077 
0.699037 -1.879767 29.549631 0.733885 -1.976512 29.748140 0.845408 -1.933365 29.749077 
1.256507 -1.579867 29.549631 1.320604 -1.660276 29.748140 1.412339 -1.583571 29.749077 
1.153355 -1.654205 29.549631 1.212055 -1.738634 29.748140 1.308611 -1.668093 29.749077 
0.817915 -1.834660 29.549631 0.859015 -1.928919 29.748140 0.967478 -1.878570 29.749077 
1.447145 -1.411777 29.549631 1.521188 -1.483132 29.748140 1.602127 -1.395108 29.749077 
0.443491 1.865157 29.549631 0.461684 1.966365 29.748140 0.343528 1.984760 29.749077 
1.533812 -1.318743 29.549631 1.612364 -1.385103 29.748142 1.687372 -1.291974 29.749077 
1.354577 -1.498942 29.549631 1.423795 -1.574987 29.748140 1.510318 -1.492446 29.749077 
1.814483 -0.896242 29.549631 1.907533 -0.940009 29.748142 1.955882 -0.830640 29.749077 
1.911115 -0.661169 29.549631 2.009082 -0.692417 29.748142 2.042742 -0.577673 29.749077 
1.976238 -0.415494 29.549631 2.077445 -0.433687 29.748140 2.095840 -0.315531 29.749077 
1.996613 -0.289989 29.549631 2.098794 -0.301524 29.748140 2.109422 -0.182418 29.749077 
1.907765 0.587955 29.549631 2.004510 0.622803 29.748140 1.961362 0.734327 29.749077 
2.008054 0.090738 29.549631 2.110522 0.099359 29.748140 2.097710 0.218250 29.749077 
1.947698 -0.539397 29.549631 2.047499 -0.564171 29.748142 2.073582 -0.447471 29.749077 
1.866646 -0.780287 29.549631 1.962360 -0.817875 29.748142 2.003453 -0.705578 29.749077 
1.754847 -1.008536 29.549631 1.844835 -1.058296 29.748142 1.900234 -0.952324 29.749077 
1.614210 -1.220240 29.549631 1.696934 -1.281320 29.748142 1.765691 -1.183485 29.749077 
1.687994 -1.116690 29.549631 1.774535 -1.172229 29.748142 1.836746 -1.070107 29.749077 
0.064326 1.901475 29.549631 0.062425 2.004287 29.748140 -0.057049 1.999277 29.749077 
0.689166 1.800035 29.549631 0.720413 1.898002 29.748140 0.605669 1.931662 29.749077 
0.924239 1.703402 29.549631 0.968006 1.796453 29.748140 0.858638 1.844802 29.749077 
0.567394 1.836617 29.549631 0.592167 1.936418 29.748140 0.475468 1.962501 29.749077 
1.248238 1.503130 29.549631 1.309318 1.585854 29.748140 1.211483 1.654610 29.749077 
1.144688 1.576913 29.549631 1.200227 1.663455 29.748140 1.098104 1.725666 29.749077 
1.526940 1.243497 29.549631 1.602985 1.312715 29.748140 1.520444 1.399237 29.749077 
1.749635 0.934480 29.549631 1.837723 0.987532 29.748140 1.773647 1.088495 29.749077 
1.995252 0.217239 29.549631 2.096937 0.232544 29.748140 2.076376 0.350342 29.749077 
-1.543122 -1.125357 29.549631 -1.627551 -1.184057 29.748142 -1.557009 -1.280613 29.749077 
1.862658 0.706833 29.549631 1.956917 0.747934 29.748140 1.906567 0.856397 29.749077 
1.682203 1.042274 29.549631 1.766632 1.100974 29.748140 1.696091 1.197530 29.749077 
2.008736 -0.163421 29.549631 2.111453 -0.168248 29.748140 2.114268 -0.048702 29.749077 
1.945000 0.466382 29.549631 2.043817 0.494828 29.748140 2.008056 0.608934 29.749077 
1.607865 1.145426 29.549631 1.688274 1.209523 29.748140 1.611569 1.301258 29.749077 
0.808284 1.755566 29.549631 0.845872 1.851280 29.748140 0.733575 1.892372 29.749077 
1.036534 1.643766 29.549631 1.086293 1.733755 29.748140 0.980321 1.789154 29.749077 
0.317986 1.885533 29.549631 0.329521 1.987713 29.748140 0.210415 1.998341 29.749077 
0.191417 1.897656 29.549631 0.196244 2.000372 29.748140 0.076698 2.003187 29.749077 
-0.062742 1.896974 29.549631 -0.071363 1.999442 29.748140 -0.190254 1.986628 29.749077 
-0.189244 1.884171 29.549631 -0.204548 1.985856 29.748140 -0.322347 1.965294 29.749077 
-0.314638 1.863123 29.549631 -0.336560 1.963588 29.748140 -0.452761 1.935367 29.749077 
-0.438386 1.833918 29.549631 -0.466832 1.932735 29.748140 -0.580939 1.896974 29.749077 
-0.559960 1.796683 29.549631 -0.594808 1.893428 29.748140 -0.706331 1.850280 29.749077 
-0.678838 1.751576 29.549631 -0.719939 1.845834 29.748140 -0.828401 1.795485 29.749077 
-0.794511 1.698790 29.549631 -0.841689 1.790159 29.748140 -0.946626 1.732823 29.749077 
-0.906484 1.638552 29.549631 -0.959537 1.726639 29.748140 -1.060500 1.662563 29.749077 
-1.014278 1.571119 29.549631 -1.072978 1.655548 29.748140 -1.169534 1.585006 29.749077 
-1.117430 1.496781 29.549631 -1.181527 1.577190 29.748140 -1.273262 1.500484 29.749077 
-1.215500 1.415856 29.549631 -1.284719 1.491900 29.748140 -1.371241 1.409359 29.749077 
-1.308067 1.328690 29.549631 -1.382111 1.400044 29.748140 -1.463050 1.312021 29.749077 
-1.394735 1.235656 29.549631 -1.473287 1.302015 29.748140 -1.548295 1.208886 29.749077 
-1.475133 1.137153 29.549631 -1.557857 1.198233 29.748140 -1.626613 1.100397 29.749077 
-1.548916 1.033603 29.549631 -1.635457 1.089142 29.748140 -1.697668 0.987019 29.749077 
-1.615768 0.925449 29.549631 -1.705757 0.975209 29.748140 -1.761155 0.869236 29.749077 
-0.304414 -1.948239 29.549631 -0.322608 -2.049447 29.748140 -0.204452 -2.067842 29.749077 
-0.428317 -1.919699 29.549631 -0.453091 -2.019500 29.748140 -0.336391 -2.045584 29.749077 
-1.675404 0.813154 29.549631 -1.768454 0.856922 29.748140 -1.816803 0.747553 29.749077 
-0.178910 -1.968615 29.549631 -0.190445 -2.070795 29.748140 -0.071339 -2.081423 29.749077 
-0.669206 -1.838648 29.549631 -0.706795 -1.934362 29.748140 -0.594498 -1.975454 29.749077 
-0.550088 -1.883116 29.549631 -0.581336 -1.981084 29.748140 -0.466592 -2.014744 29.749077 
0.453715 -1.946206 29.549631 0.475637 -2.046672 29.748140 0.591838 -2.018450 29.749077 
-0.897455 -1.726848 29.549631 -0.947215 -1.816836 29.748140 -0.841242 -1.872235 29.749077 
-1.727568 0.697200 29.549631 -1.823281 0.734788 29.748140 -1.864374 0.622491 29.749077 
-0.785161 -1.786484 29.549631 -0.828928 -1.879534 29.748140 -0.719560 -1.927884 29.749077 
-1.772036 0.578082 29.549631 -1.870003 0.609329 29.748140 -1.903662 0.494585 29.749077 
-1.869655 0.080334 29.549631 -1.972372 0.085162 29.748140 -1.975187 -0.034384 29.749077 
-1.808618 0.456311 29.549631 -1.908419 0.481084 29.748140 -1.934502 0.364384 29.749077 
-1.207661 -1.505814 29.549631 -1.274020 -1.584366 29.748142 -1.180892 -1.659374 29.749077 
-1.857533 0.206903 29.549631 -1.959713 0.218438 29.748140 -1.970341 0.099332 29.749077 
-1.837158 0.332407 29.549631 -1.938365 0.350600 29.748140 -1.956760 0.232444 29.749077 
-1.856171 -0.300325 29.549631 -1.957856 -0.315630 29.748140 -1.937294 -0.433428 29.749077 
-1.005609 -1.659995 29.549631 -1.061148 -1.746537 29.748142 -0.959025 -1.808748 29.749077 
-1.768683 -0.671040 29.549631 -1.865428 -0.705888 29.748140 -1.822281 -0.817411 29.749077 
-1.109158 -1.586212 29.549631 -1.170238 -1.668936 29.748142 -1.072404 -1.737693 29.749077 
-1.868973 -0.173824 29.549631 -1.971441 -0.182445 29.748140 -1.958628 -0.301336 29.749077 
-1.873475 -0.046756 29.549631 -1.976287 -0.048657 29.748140 -1.971277 -0.168131 29.749077 
-1.387860 -1.326579 29.549631 -1.463905 -1.395797 29.748142 -1.381363 -1.482320 29.749077 
-1.468784 -1.228509 29.549631 -1.549193 -1.292606 29.748142 -1.472488 -1.384341 29.749077 
-1.723576 -0.789917 29.549631 -1.817835 -0.831018 29.748140 -1.767486 -0.939481 29.749077 
-1.300694 -1.419146 29.549631 -1.372049 -1.493190 29.748142 -1.284026 -1.574129 29.749077 
1.809873 0.822506 29.549631 1.901241 0.869684 29.748140 1.843906 0.974622 29.749077 
-1.835123 -0.425718 29.549631 -1.935589 -0.447641 29.748140 -1.907367 -0.563842 29.749077 
-1.610554 -1.017564 29.549631 -1.698641 -1.070616 29.748142 -1.634566 -1.171579 29.749077 
1.974204 0.342633 29.549631 2.074670 0.364555 29.748140 2.046449 0.480757 29.749077 
1.346741 1.422732 29.549631 1.413100 1.501284 29.748140 1.319972 1.576292 29.749077 
-1.805919 -0.549467 29.549631 -1.904735 -0.577913 29.748140 -1.868974 -0.692020 29.749077 
-1.670792 -0.905590 29.549631 -1.762160 -0.952768 29.748142 -1.704825 -1.057706 29.749077 
2.012555 -0.036330 29.549631 2.115368 -0.034429 29.748140 2.110358 0.085045 29.749077 
0.076653 -2.087370 29.748140 0.074752 -1.984557 29.549631 0.196127 -2.082360 29.749077 
1.439775 1.336064 29.549631 1.511129 1.410107 29.748140 1.423106 1.491046 29.749077 
0.074752 -1.984557 29.549631 0.076653 -2.087370 29.748140 0.196127 -2.082360 29.749077 
1.200227 1.663455 29.748140 1.144688 1.576913 29.549631 1.098104 1.725666 29.749077 
1.511129 1.410107 29.748140 1.439775 1.336064 29.549631 1.423106 1.491046 29.749077 
0.845872 1.851280 29.748140 0.808284 1.755566 29.549631 0.733575 1.892372 29.749077 
1.309318 1.585854 29.748140 1.248238 1.503130 29.549631 1.211483 1.654610 29.749077 
1.086293 1.733755 29.748140 1.036534 1.643766 29.549631 0.980321 1.789154 29.749077 
0.592167 1.936418 29.748140 0.567394 1.836617 29.549631 0.475468 1.962501 29.749077 
0.968006 1.796453 29.748140 0.924239 1.703402 29.549631 0.858638 1.844802 29.749077 
0.329521 1.987713 29.748140 0.317986 1.885533 29.549631 0.210415 1.998341 29.749077 
0.720413 1.898002 29.748140 0.689166 1.800035 29.549631 0.605669 1.931662 29.749077 
0.196244 2.000372 29.748140 0.191417 1.897656 29.549631 0.076698 2.003187 29.749077 
0.062425 2.004287 29.748140 0.064326 1.901475 29.549631 -0.057049 1.999277 29.749077 
-0.071363 1.999442 29.748140 -0.062742 1.896974 29.549631 -0.190254 1.986628 29.749077 
-0.204548 1.985856 29.748140 -0.189244 1.884171 29.549631 -0.322347 1.965294 29.749077 
-0.336560 1.963588 29.748140 -0.314638 1.863123 29.549631 -0.452761 1.935367 29.749077 
-0.466832 1.932735 29.748140 -0.438386 1.833918 29.549631 -0.580939 1.896974 29.749077 
-0.594808 1.893428 29.748140 -0.559960 1.796683 29.549631 -0.706331 1.850280 29.749077 
-0.719939 1.845834 29.748140 -0.678838 1.751576 29.549631 -0.828401 1.795485 29.749077 
-0.841689 1.790159 29.748140 -0.794511 1.698790 29.549631 -0.946626 1.732823 29.749077 
-0.959537 1.726639 29.748140 -0.906484 1.638552 29.549631 -1.060500 1.662563 29.749077 
-1.072978 1.655548 29.748140 -1.014278 1.571119 29.549631 -1.169534 1.585006 29.749077 
-1.181527 1.577190 29.748140 -1.117430 1.496781 29.549631 -1.273262 1.500484 29.749077 
-1.284719 1.491900 29.748140 -1.215500 1.415856 29.549631 -1.371241 1.409359 29.749077 
-1.382111 1.400044 29.748140 -1.308067 1.328690 29.549631 -1.463050 1.312021 29.749077 
-1.473287 1.302015 29.748140 -1.394735 1.235656 29.549631 -1.548295 1.208886 29.749077 
-1.557857 1.198233 29.748140 -1.475133 1.137153 29.549631 -1.626613 1.100397 29.749077 
-1.635457 1.089142 29.748140 -1.548916 1.033603 29.549631 -1.697668 0.987019 29.749077 
-1.705757 0.975209 29.748140 -1.615768 0.925449 29.549631 -1.761155 0.869236 29.749077 
-0.322608 -2.049447 29.748140 -0.304414 -1.948239 29.549631 -0.204452 -2.067842 29.749077 
-0.453091 -2.019500 29.748140 -0.428317 -1.919699 29.549631 -0.336391 -2.045584 29.749077 
-1.768454 0.856922 29.748140 -1.675404 0.813154 29.549631 -1.816803 0.747553 29.749077 
-0.581336 -1.981084 29.748140 -0.550088 -1.883116 29.549631 -0.466592 -2.014744 29.749077 
-0.706795 -1.934362 29.748140 -0.669206 -1.838648 29.549631 -0.594498 -1.975454 29.749077 
-0.947215 -1.816836 29.748140 -0.897455 -1.726848 29.549631 -0.841242 -1.872235 29.749077 
-0.828928 -1.879534 29.748140 -0.785161 -1.786484 29.549631 -0.719560 -1.927884 29.749077 
-1.274020 -1.584366 29.748142 -1.207661 -1.505814 29.549631 -1.180892 -1.659374 29.749077 
-1.972372 0.085162 29.748140 -1.869655 0.080334 29.549631 -1.975187 -0.034384 29.749077 
-1.170238 -1.668936 29.748142 -1.109158 -1.586212 29.549631 -1.072404 -1.737693 29.749077 
-1.865428 -0.705888 29.748140 -1.768683 -0.671040 29.549631 -1.822281 -0.817411 29.749077 
-1.957856 -0.315630 29.748140 -1.856171 -0.300325 29.549631 -1.937294 -0.433428 29.749077 
-1.549193 -1.292606 29.748142 -1.468784 -1.228509 29.549631 -1.472488 -1.384341 29.749077 
-1.463905 -1.395797 29.748142 -1.387860 -1.326579 29.549631 -1.381363 -1.482320 29.749077 
1.901241 0.869684 29.748140 1.809873 0.822506 29.549631 1.843906 0.974622 29.749077 
-1.817835 -0.831018 29.748140 -1.723576 -0.789917 29.549631 -1.767486 -0.939481 29.749077 
2.074670 0.364555 29.748140 1.974204 0.342633 29.549631 2.046449 0.480757 29.749077 
-1.698641 -1.070616 29.748142 -1.610554 -1.017564 29.549631 -1.634566 -1.171579 29.749077 
-1.762160 -0.952768 29.748142 -1.670792 -0.905590 29.549631 -1.704825 -1.057706 29.749077 
-1.904735 -0.577913 29.748140 -1.805919 -0.549467 29.549631 -1.868974 -0.692020 29.749077 
-1.935589 -0.447641 29.748140 -1.835123 -0.425718 29.549631 -1.907367 -0.563842 29.749077 
-1.372049 -1.493190 29.748142 -1.300694 -1.419146 29.549631 -1.284026 -1.574129 29.749077 
-1.976287 -0.048657 29.748140 -1.873475 -0.046756 29.549631 -1.971277 -0.168131 29.749077 
-1.971441 -0.182445 29.748140 -1.868973 -0.173824 29.549631 -1.958628 -0.301336 29.749077 
-1.061148 -1.746537 29.748142 -1.005609 -1.659995 29.549631 -0.959025 -1.808748 29.749077 
-1.938365 0.350600 29.748140 -1.837158 0.332407 29.549631 -1.956760 0.232444 29.749077 
-1.959713 0.218438 29.748140 -1.857533 0.206903 29.549631 -1.970341 0.099332 29.749077 
-1.908419 0.481084 29.748140 -1.808618 0.456311 29.549631 -1.934502 0.364384 29.749077 
-1.870003 0.609329 29.748140 -1.772036 0.578082 29.549631 -1.903662 0.494585 29.749077 
-1.823281 0.734788 29.748140 -1.727568 0.697200 29.549631 -1.864374 0.622491 29.749077 
0.475637 -2.046672 29.748140 0.453715 -1.946206 29.549631 0.591838 -2.018450 29.749077 
-0.190445 -2.070795 29.748140 -0.178910 -1.968615 29.549631 -0.071339 -2.081423 29.749077 
0.210441 -2.082525 29.748140 0.201820 -1.980057 29.549631 0.329332 -2.069712 29.749077 
0.343626 -2.068939 29.748140 0.328322 -1.967255 29.549631 0.461424 -2.048378 29.749077 
-0.057169 -2.083454 29.748140 -0.052342 -1.980738 29.549631 0.062377 -2.086270 29.749077 
0.605909 -2.015819 29.748140 0.577464 -1.917002 29.549631 0.720016 -1.980058 29.749077 
0.980765 -1.873244 29.748140 0.933588 -1.781875 29.549631 1.085703 -1.815909 29.749077 
1.098614 -1.809725 29.748140 1.045561 -1.721637 29.549631 1.199577 -1.745649 29.749077 
0.733885 -1.976512 29.748140 0.699037 -1.879767 29.549631 0.845408 -1.933365 29.749077 
0.859015 -1.928919 29.748140 0.817915 -1.834660 29.549631 0.967478 -1.878570 29.749077 
1.212055 -1.738634 29.748140 1.153355 -1.654205 29.549631 1.308611 -1.668093 29.749077 
1.320604 -1.660276 29.748140 1.256507 -1.579867 29.549631 1.412339 -1.583571 29.749077 
1.521188 -1.483132 29.748140 1.447145 -1.411777 29.549631 1.602127 -1.395108 29.749077 
0.461684 1.966365 29.748140 0.443491 1.865157 29.549631 0.343528 1.984760 29.749077 
1.612364 -1.385103 29.748142 1.533812 -1.318743 29.549631 1.687372 -1.291974 29.749077 
1.774535 -1.172229 29.748142 1.687994 -1.116690 29.549631 1.836746 -1.070107 29.749077 
1.423795 -1.574987 29.748140 1.354577 -1.498942 29.549631 1.510318 -1.492446 29.749077 
1.907533 -0.940009 29.748142 1.814483 -0.896242 29.549631 1.955882 -0.830640 29.749077 
1.696934 -1.281320 29.748142 1.614210 -1.220240 29.549631 1.765691 -1.183485 29.749077 
2.009082 -0.692417 29.748142 1.911115 -0.661169 29.549631 2.042742 -0.577673 29.749077 
1.844835 -1.058296 29.748142 1.754847 -1.008536 29.549631 1.900234 -0.952324 29.749077 
2.077445 -0.433687 29.748140 1.976238 -0.415494 29.549631 2.095840 -0.315531 29.749077 
1.962360 -0.817875 29.748142 1.866646 -0.780287 29.549631 2.003453 -0.705578 29.749077 
2.098794 -0.301524 29.748140 1.996613 -0.289989 29.549631 2.109422 -0.182418 29.749077 
2.047499 -0.564171 29.748142 1.947698 -0.539397 29.549631 2.073582 -0.447471 29.749077 
2.004510 0.622803 29.748140 1.907765 0.587955 29.549631 1.961362 0.734327 29.749077 
2.110522 0.099359 29.748140 2.008054 0.090738 29.549631 2.097710 0.218250 29.749077 
2.096937 0.232544 29.748140 1.995252 0.217239 29.549631 2.076376 0.350342 29.749077 
1.956917 0.747934 29.748140 1.862658 0.706833 29.549631 1.906567 0.856397 29.749077 
1.766632 1.100974 29.748140 1.682203 1.042274 29.549631 1.696091 1.197530 29.749077 
2.115368 -0.034429 29.748140 2.012555 -0.036330 29.549631 2.110358 0.085045 29.749077 
2.043817 0.494828 29.748140 1.945000 0.466382 29.549631 2.008056 0.608934 29.749077 
-1.627551 -1.184057 29.748142 -1.543122 -1.125357 29.549631 -1.557009 -1.280613 29.749077 
2.111453 -0.168248 29.748140 2.008736 -0.163421 29.549631 2.114268 -0.048702 29.749077 
1.413100 1.501284 29.748140 1.346741 1.422732 29.549631 1.319972 1.576292 29.749077 
1.837723 0.987532 29.748140 1.749635 0.934480 29.549631 1.773647 1.088495 29.749077 
1.688274 1.209523 29.748140 1.607865 1.145426 29.549631 1.611569 1.301258 29.749077 
1.602985 1.312715 29.748140 1.526940 1.243497 29.549631 1.520444 1.399237 29.749077 
