0.424041 0.572472 27.872864 0.449712 0.557766 28.570423 0.398414 0.587382 28.570423 
0.069541 0.667460 27.872864 0.035098 1.180886 28.220455 0.103918 1.180886 28.220455 
-0.511832 1.034340 28.220455 -0.284960 0.572472 27.872864 -0.571458 0.999916 28.220455 
-0.284960 0.572472 27.872864 -0.259333 0.587382 28.570423 -0.310630 0.557766 28.570423 
0.035098 1.180886 28.220455 0.036765 0.949574 28.693548 0.102316 0.949574 28.693548 
0.039969 0.667559 28.570423 0.069541 0.667460 27.872864 0.099177 0.667559 28.570423 
-0.544473 0.312960 27.872864 -1.006334 0.539844 28.220455 -0.971924 0.599445 28.220455 
-0.529773 0.338619 28.570423 -0.772403 0.482401 28.693548 -0.559377 0.287343 28.570423 
-1.152887 -0.007085 28.220455 -0.639461 -0.041542 27.872864 -1.152887 -0.075934 28.220455 
-0.921575 -0.074331 28.693548 -0.639560 -0.011893 28.570423 -0.921575 -0.008752 28.693548 
-0.544473 -0.396043 27.872864 -0.971892 -0.682583 28.220455 -1.006302 -0.622983 28.220455 
-1.006334 0.539844 28.220455 -0.805179 0.425632 28.693548 -0.772403 0.482401 28.693548 
0.683554 0.312959 27.872864 0.698458 0.287343 28.570423 0.668854 0.338619 28.570423 
0.778542 -0.041542 27.872864 0.778641 -0.071126 28.570423 0.778642 -0.011893 28.570423 
0.778642 -0.011893 28.570423 1.060656 -0.074331 28.693548 1.060656 -0.008753 28.693548 
1.145415 -0.622928 28.220455 0.944260 -0.508715 28.693548 0.911484 -0.565484 28.693548 
0.650914 -1.117423 28.220455 0.424042 -0.655555 27.872864 0.710539 -1.082999 28.220455 
0.424042 -0.655555 27.872864 0.398414 -0.670465 28.570423 0.449712 -0.640849 28.570423 
0.683554 -0.396043 27.872864 1.145415 -0.622928 28.220455 1.111005 -0.682527 28.220455 
0.668854 -0.421702 28.570423 0.911484 -0.565484 28.693548 0.698458 -0.370426 28.570423 
-0.259333 -0.670465 28.570423 -0.284961 -0.655555 27.872864 -0.310631 -0.640849 28.570423 
-0.971892 -0.682583 28.220455 -0.772403 -0.565484 28.693548 -0.805179 -0.508715 28.693548 
-0.529773 -0.421702 28.570423 -0.544473 -0.396043 27.872864 -0.559377 -0.370426 28.570423 
0.099177 0.667559 28.570423 0.069541 0.667460 27.872864 0.103918 1.180886 28.220455 
0.103918 1.180886 28.220455 0.102316 0.949574 28.693548 0.099177 0.667559 28.570423 
0.449712 0.557766 28.570423 0.424041 0.572472 27.872864 0.710539 0.999916 28.220455 
0.710539 0.999916 28.220455 0.593495 0.800395 28.693548 0.449712 0.557766 28.570423 
1.111005 0.599444 28.220455 0.683554 0.312959 27.872864 0.668854 0.338619 28.570423 
0.668854 0.338619 28.570423 0.911484 0.482401 28.693548 1.111005 0.599444 28.220455 
0.650913 1.034340 28.220455 0.710539 0.999916 28.220455 0.424041 0.572472 27.872864 
0.536702 0.833185 28.693548 0.398414 0.587382 28.570423 0.449712 0.557766 28.570423 
0.449712 0.557766 28.570423 0.593495 0.800395 28.693548 0.536702 0.833185 28.693548 
-0.259333 0.587382 28.570423 -0.284960 0.572472 27.872864 -0.511832 1.034340 28.220455 
-0.511832 1.034340 28.220455 -0.397621 0.833185 28.693548 -0.259333 0.587382 28.570423 
0.102316 0.949574 28.693548 0.103918 1.180886 28.220455 0.035098 1.180886 28.220455 
0.035098 1.180886 28.220455 0.069541 0.667460 27.872864 0.039969 0.667559 28.570423 
0.039969 0.667559 28.570423 0.036765 0.949574 28.693548 0.035098 1.180886 28.220455 
-0.571458 0.999916 28.220455 -0.284960 0.572472 27.872864 -0.310630 0.557766 28.570423 
-0.310630 0.557766 28.570423 -0.454413 0.800396 28.693548 -0.571458 0.999916 28.220455 
-0.529773 0.338619 28.570423 -0.544473 0.312960 27.872864 -0.971924 0.599445 28.220455 
-0.971924 0.599445 28.220455 -0.772403 0.482401 28.693548 -0.529773 0.338619 28.570423 
-0.397621 0.833185 28.693548 -0.454413 0.800396 28.693548 -0.310630 0.557766 28.570423 
-0.310630 0.557766 28.570423 -0.259333 0.587382 28.570423 -0.397621 0.833185 28.693548 
0.039969 0.667559 28.570423 0.099177 0.667559 28.570423 0.102316 0.949574 28.693548 
0.102316 0.949574 28.693548 0.036765 0.949574 28.693548 0.039969 0.667559 28.570423 
-1.152887 -0.075934 28.220455 -0.639461 -0.041542 27.872864 -0.639560 -0.071126 28.570423 
-0.639560 -0.071126 28.570423 -0.921575 -0.074331 28.693548 -1.152887 -0.075934 28.220455 
-0.772403 0.482401 28.693548 -0.971924 0.599445 28.220455 -1.006334 0.539844 28.220455 
-0.529773 0.338619 28.570423 -0.559377 0.287343 28.570423 -0.544473 0.312960 27.872864 
-0.559377 -0.370426 28.570423 -0.544473 -0.396043 27.872864 -1.006302 -0.622983 28.220455 
-1.006302 -0.622983 28.220455 -0.805179 -0.508715 28.693548 -0.559377 -0.370426 28.570423 
-0.639461 -0.041542 27.872864 -0.639560 -0.011893 28.570423 -0.639560 -0.071126 28.570423 
-0.639560 -0.011893 28.570423 -0.639461 -0.041542 27.872864 -1.152887 -0.007085 28.220455 
-1.152887 -0.007085 28.220455 -0.921575 -0.008752 28.693548 -0.639560 -0.011893 28.570423 
-0.639560 -0.071126 28.570423 -0.639560 -0.011893 28.570423 -0.921575 -0.074331 28.693548 
-1.006334 0.539844 28.220455 -0.544473 0.312960 27.872864 -0.559377 0.287343 28.570423 
-0.559377 0.287343 28.570423 -0.805179 0.425632 28.693548 -1.006334 0.539844 28.220455 
1.145415 0.539844 28.220455 1.111005 0.599444 28.220455 0.911484 0.482401 28.693548 
0.911484 0.482401 28.693548 0.944260 0.425632 28.693548 1.145415 0.539844 28.220455 
-0.805179 -0.508715 28.693548 -1.006302 -0.622983 28.220455 -0.971892 -0.682583 28.220455 
-0.772403 0.482401 28.693548 -0.805179 0.425632 28.693548 -0.559377 0.287343 28.570423 
0.683554 0.312959 27.872864 1.111005 0.599444 28.220455 1.145415 0.539844 28.220455 
0.944260 0.425632 28.693548 0.911484 0.482401 28.693548 0.668854 0.338619 28.570423 
0.668854 0.338619 28.570423 0.698458 0.287343 28.570423 0.944260 0.425632 28.693548 
0.778641 -0.071126 28.570423 0.778542 -0.041542 27.872864 1.291968 -0.075934 28.220455 
1.291968 -0.075934 28.220455 1.060656 -0.074331 28.693548 0.778641 -0.071126 28.570423 
1.145415 -0.622928 28.220455 0.683554 -0.396043 27.872864 0.698458 -0.370426 28.570423 
0.698458 -0.370426 28.570423 0.944260 -0.508715 28.693548 1.145415 -0.622928 28.220455 
1.291968 -0.007085 28.220455 1.291968 -0.075934 28.220455 0.778542 -0.041542 27.872864 
1.291968 -0.007085 28.220455 0.778542 -0.041542 27.872864 0.778642 -0.011893 28.570423 
0.778642 -0.011893 28.570423 1.060656 -0.008753 28.693548 1.291968 -0.007085 28.220455 
1.060656 -0.074331 28.693548 0.778642 -0.011893 28.570423 0.778641 -0.071126 28.570423 
0.698458 0.287343 28.570423 0.683554 0.312959 27.872864 1.145415 0.539844 28.220455 
1.145415 0.539844 28.220455 0.944260 0.425632 28.693548 0.698458 0.287343 28.570423 
0.710539 -1.082999 28.220455 0.424042 -0.655555 27.872864 0.449712 -0.640849 28.570423 
0.449712 -0.640849 28.570423 0.593495 -0.883478 28.693548 0.710539 -1.082999 28.220455 
0.911484 -0.565484 28.693548 0.944260 -0.508715 28.693548 0.698458 -0.370426 28.570423 
0.668854 -0.421702 28.570423 0.683554 -0.396043 27.872864 1.111005 -0.682527 28.220455 
1.111005 -0.682527 28.220455 0.911484 -0.565484 28.693548 0.668854 -0.421702 28.570423 
0.536702 -0.916268 28.693548 0.593495 -0.883478 28.693548 0.449712 -0.640849 28.570423 
0.449712 -0.640849 28.570423 0.398414 -0.670465 28.570423 0.536702 -0.916268 28.693548 
0.398414 -0.670465 28.570423 0.424042 -0.655555 27.872864 0.650914 -1.117423 28.220455 
0.650914 -1.117423 28.220455 0.536702 -0.916268 28.693548 0.398414 -0.670465 28.570423 
0.103919 -1.263969 28.220455 0.069540 -0.750544 27.872864 0.099113 -0.750642 28.570423 
0.099113 -0.750642 28.570423 0.102316 -1.032657 28.693548 0.103919 -1.263969 28.220455 
0.102316 -1.032657 28.693548 0.036765 -1.032657 28.693548 0.035098 -1.263969 28.220455 
0.035098 -1.263969 28.220455 0.103919 -1.263969 28.220455 0.102316 -1.032657 28.693548 
0.911484 -0.565484 28.693548 1.111005 -0.682527 28.220455 1.145415 -0.622928 28.220455 
0.668854 -0.421702 28.570423 0.698458 -0.370426 28.570423 0.683554 -0.396043 27.872864 
0.069540 -0.750544 27.872864 0.103919 -1.263969 28.220455 0.035098 -1.263969 28.220455 
0.099113 -0.750642 28.570423 0.039904 -0.750642 28.570423 0.036765 -1.032657 28.693548 
0.036765 -1.032657 28.693548 0.102316 -1.032657 28.693548 0.099113 -0.750642 28.570423 
0.039904 -0.750642 28.570423 0.099113 -0.750642 28.570423 0.069540 -0.750544 27.872864 
-0.310631 -0.640849 28.570423 -0.284961 -0.655555 27.872864 -0.571458 -1.082999 28.220455 
-0.571458 -1.082999 28.220455 -0.454414 -0.883478 28.693548 -0.310631 -0.640849 28.570423 
-0.971892 -0.682583 28.220455 -0.544473 -0.396043 27.872864 -0.529773 -0.421702 28.570423 
-0.529773 -0.421702 28.570423 -0.772403 -0.565484 28.693548 -0.971892 -0.682583 28.220455 
-0.511833 -1.117423 28.220455 -0.571458 -1.082999 28.220455 -0.284961 -0.655555 27.872864 
-0.310631 -0.640849 28.570423 -0.454414 -0.883478 28.693548 -0.397621 -0.916268 28.693548 
-0.397621 -0.916268 28.693548 -0.259333 -0.670465 28.570423 -0.310631 -0.640849 28.570423 
-0.511833 -1.117423 28.220455 -0.284961 -0.655555 27.872864 -0.259333 -0.670465 28.570423 
-0.259333 -0.670465 28.570423 -0.397621 -0.916268 28.693548 -0.511833 -1.117423 28.220455 
0.039904 -0.750642 28.570423 0.069540 -0.750544 27.872864 0.035098 -1.263969 28.220455 
0.035098 -1.263969 28.220455 0.036765 -1.032657 28.693548 0.039904 -0.750642 28.570423 
0.398414 0.587382 28.570423 0.536702 0.833185 28.693548 0.650913 1.034340 28.220455 
0.650913 1.034340 28.220455 0.424041 0.572472 27.872864 0.398414 0.587382 28.570423 
-0.529773 -0.421702 28.570423 -0.559377 -0.370426 28.570423 -0.805179 -0.508715 28.693548 
-0.805179 -0.508715 28.693548 -0.772403 -0.565484 28.693548 -0.529773 -0.421702 28.570423 
