-0.716969 1.112275 28.083723 -1.169464 1.248123 28.236544 0.101256 1.761424 28.237654 
0.041629 1.304690 28.091795 -0.481830 0.794827 28.515985 -0.716969 1.112275 28.083723 
-0.261343 1.573001 28.793190 0.151495 1.820753 28.598118 -0.645943 1.703171 28.569656 
-0.261343 1.573001 28.793190 0.140013 1.605648 28.785374 0.151495 1.820753 28.598118 
-0.434051 0.828120 28.786905 0.065273 0.968218 28.516695 0.173905 0.931859 28.787292 
-0.046233 0.390531 28.787292 -0.225656 0.292906 28.787292 -0.434051 0.828120 28.786905 
-1.277667 -0.069636 28.091805 -1.524967 -0.499360 28.136900 -1.173250 0.553773 28.077835 
-0.481830 0.794827 28.515985 -1.173250 0.553773 28.077835 -0.716969 1.112275 28.083723 
-1.278173 1.271572 28.552614 -1.609904 0.617733 28.693014 -1.311618 0.861907 28.787640 
-0.434051 0.828120 28.786905 -0.318905 0.183992 28.787292 -0.898729 0.178887 28.787712 
-0.434051 0.828120 28.786905 -0.225656 0.292906 28.787292 -0.318905 0.183992 28.787292 
-1.609904 0.617733 28.693014 -1.278173 1.271572 28.552614 -1.717281 0.557938 28.434654 
-0.810032 0.436467 28.515333 -1.277667 -0.069636 28.091805 -1.173250 0.553773 28.077835 
-1.717281 0.557938 28.434654 -1.810241 -0.215533 28.556358 -1.609904 0.617733 28.693014 
-1.609904 0.617733 28.693014 -1.810241 -0.215533 28.556358 -1.499886 0.452851 28.813095 
-1.277667 -0.069636 28.091805 -0.810032 0.436467 28.515333 -0.938626 -0.134342 28.517344 
-0.379838 -0.016792 28.787292 -0.898729 0.178887 28.787712 -0.318905 0.183992 28.787292 
-1.167961 -1.130847 28.791084 -1.059752 -1.540449 28.586239 -0.847057 -1.411208 28.786333 
-1.082919 -0.738114 28.091780 -0.541102 -0.867335 28.505854 -0.547277 -1.228074 28.092178 
-1.454113 -0.698179 28.812929 -1.602480 -0.813552 28.655781 -1.167961 -1.130847 28.791084 
-1.059752 -1.540449 28.586239 -1.602480 -0.813552 28.655781 -1.518155 -1.020410 28.380035 
-0.225656 -0.375989 28.787292 -0.515649 -0.837611 28.788088 -0.303154 -0.289235 28.787292 
-0.379838 -0.016792 28.787292 -0.303154 -0.289235 28.787292 -0.853703 -0.380907 28.787292 
-1.524967 -0.499360 28.136900 -1.518155 -1.020410 28.380035 -1.810241 -0.215533 28.556358 
-0.938626 -0.134342 28.517344 -1.082919 -0.738114 28.091780 -1.277667 -0.069636 28.091805 
-0.853703 -0.380907 28.787292 -0.541102 -0.867335 28.505854 -0.938626 -0.134342 28.517344 
-1.810241 -0.215533 28.556358 -1.680933 0.177740 28.237249 -1.524967 -0.499360 28.136900 
-0.853703 -0.380907 28.787292 -0.938626 -0.134342 28.517344 -0.898729 0.178887 28.787712 
0.468500 -1.347436 28.094755 0.250673 -1.652281 28.132963 -0.844618 -1.316688 28.097736 
-0.547277 -1.228074 28.092178 0.144541 -1.039662 28.516054 0.468500 -1.347436 28.094755 
-0.438834 -1.844293 28.391329 0.250673 -1.652281 28.132963 0.208435 -1.907955 28.443037 
-0.208096 -1.835831 28.676598 0.004946 -1.688300 28.785431 -0.397976 -1.632490 28.795332 
0.241613 -1.038668 28.786760 0.144541 -1.039662 28.516054 -0.541102 -0.867335 28.505854 
-0.208096 -1.835831 28.676598 -0.397976 -1.632490 28.795332 -1.059752 -1.540449 28.586239 
-0.541102 -0.867335 28.505854 -0.515649 -0.837611 28.788088 0.241613 -1.038668 28.786760 
0.208435 -1.907955 28.443037 0.250673 -1.652281 28.132963 0.793949 -1.715012 28.311695 
0.004946 -1.688300 28.785431 -0.208096 -1.835831 28.676598 0.735365 -1.787224 28.624828 
0.241613 -1.038668 28.786760 0.671513 -0.851494 28.515438 0.144541 -1.039662 28.516054 
0.400583 -1.656023 28.793383 0.004946 -1.688300 28.785431 0.735365 -1.787224 28.624828 
0.211583 -0.464413 28.787292 0.241613 -1.038668 28.786760 0.097702 -0.488151 28.787292 
0.385840 -0.357841 28.787292 0.848245 -0.647553 28.787292 0.241613 -1.038668 28.786760 
1.454871 -1.254293 28.300579 1.123305 -1.241763 28.119236 1.634091 -0.366385 28.118448 
0.848245 -0.647553 28.787292 1.096768 -0.083585 28.517487 0.671513 -0.851494 28.515438 
0.671513 -0.851494 28.515438 1.244169 -0.704297 28.091808 0.468500 -1.347436 28.094755 
1.454871 -1.254293 28.300579 1.843598 -0.666775 28.424572 1.563339 -1.083810 28.685589 
1.563339 -1.083810 28.685589 1.157855 -1.279116 28.795849 0.735365 -1.787224 28.624828 
0.848245 -0.647553 28.787292 0.671513 -0.851494 28.515438 0.241613 -1.038668 28.786760 
0.764906 0.675601 28.787609 0.731962 0.729173 28.543322 1.096768 -0.083585 28.517487 
1.685786 0.287721 28.786547 1.938628 -0.093998 28.602428 1.837676 0.547816 28.599993 
1.096768 -0.083585 28.517487 1.202542 0.767304 28.073725 1.447596 0.082245 28.075281 
1.837676 0.547816 28.599993 1.938628 -0.093998 28.602428 1.805139 0.390676 28.239422 
1.685786 0.287721 28.786547 1.716740 -0.112015 28.785311 1.938628 -0.093998 28.602428 
0.764906 0.675601 28.787609 1.062829 -0.046047 28.788177 0.492412 0.100500 28.787292 
0.731962 0.729173 28.543322 0.041629 1.304690 28.091795 0.718816 1.139220 28.091805 
0.877026 1.664927 28.566238 0.151495 1.820753 28.598118 0.619473 1.510307 28.813272 
0.173905 0.931859 28.787292 0.065273 0.968218 28.516695 0.731962 0.729173 28.543322 
0.101256 1.761424 28.237654 1.088972 1.383564 28.227205 0.309955 1.459411 28.095600 
0.041629 1.304690 28.091795 0.731962 0.729173 28.543322 0.065273 0.968218 28.516695 
0.173905 0.931859 28.787292 0.731962 0.729173 28.543322 0.764906 0.675601 28.787609 
-0.046233 0.390531 28.787292 -0.434051 0.828120 28.786905 0.173905 0.931859 28.787292 
0.718816 1.139220 28.091805 0.309955 1.459411 28.095600 1.202542 0.767304 28.073725 
0.373965 0.290830 28.787292 0.157964 0.395697 28.787292 0.764906 0.675601 28.787609 
1.088972 1.383564 28.227205 1.202542 0.767304 28.073725 0.309955 1.459411 28.095600 
1.600493 1.049659 28.404350 0.877026 1.664927 28.566238 1.360733 1.242830 28.661167 
1.202542 0.767304 28.073725 1.805139 0.390676 28.239422 1.447596 0.082245 28.075281 
0.731962 0.729173 28.543322 0.718816 1.139220 28.091805 1.202542 0.767304 28.073725 
1.600493 1.049659 28.404350 1.088972 1.383564 28.227205 0.877026 1.664927 28.566238 
1.360733 1.242830 28.661167 0.877026 1.664927 28.566238 1.260801 1.109212 28.807878 
1.360733 1.242830 28.661167 1.837676 0.547816 28.599993 1.600493 1.049659 28.404350 
1.360733 1.242830 28.661167 1.546599 0.688045 28.790413 1.837676 0.547816 28.599993 
0.492412 0.100500 28.787292 1.062829 -0.046047 28.788177 0.513176 -0.099707 28.787292 
1.938628 -0.093998 28.602428 1.843598 -0.666775 28.424572 1.805139 0.390676 28.239422 
1.244169 -0.704297 28.091808 1.096768 -0.083585 28.517487 1.447596 0.082245 28.075281 
1.637083 -0.546507 28.788675 1.563339 -1.083810 28.685589 1.938628 -0.093998 28.602428 
1.062829 -0.046047 28.788177 1.096768 -0.083585 28.517487 0.848245 -0.647553 28.787292 
1.637083 -0.546507 28.788675 1.504833 -0.875294 28.784603 1.563339 -1.083810 28.685589 
0.513176 -0.099707 28.787292 1.062829 -0.046047 28.788177 0.470397 -0.240458 28.787292 
-1.169464 1.248123 28.236544 -0.645943 1.703171 28.569656 0.101256 1.761424 28.237654 
0.065273 0.968218 28.516695 -0.481830 0.794827 28.515985 0.041629 1.304690 28.091795 
0.101256 1.761424 28.237654 0.309955 1.459411 28.095600 -0.716969 1.112275 28.083723 
-0.261343 1.573001 28.793190 -0.645943 1.703171 28.569656 -1.040175 1.182899 28.789314 
-0.645943 1.703171 28.569656 0.151495 1.820753 28.598118 0.101256 1.761424 28.237654 
-0.434051 0.828120 28.786905 -0.481830 0.794827 28.515985 0.065273 0.968218 28.516695 
-0.261343 1.573001 28.793190 -1.040175 1.182899 28.789314 -0.659503 1.436634 28.784552 
-1.278173 1.271572 28.552614 -1.311618 0.861907 28.787640 -1.040175 1.182899 28.789314 
-0.481830 0.794827 28.515985 -0.810032 0.436467 28.515333 -1.173250 0.553773 28.077835 
-1.278173 1.271572 28.552614 -1.169464 1.248123 28.236544 -1.717281 0.557938 28.434654 
-1.311618 0.861907 28.787640 -1.609904 0.617733 28.693014 -1.499886 0.452851 28.813095 
-0.434051 0.828120 28.786905 -0.898729 0.178887 28.787712 -0.810032 0.436467 28.515333 
-1.278173 1.271572 28.552614 -0.645943 1.703171 28.569656 -1.169464 1.248123 28.236544 
-1.278173 1.271572 28.552614 -1.040175 1.182899 28.789314 -0.645943 1.703171 28.569656 
-0.434051 0.828120 28.786905 -0.810032 0.436467 28.515333 -0.481830 0.794827 28.515985 
-1.173250 0.553773 28.077835 -1.524967 -0.499360 28.136900 -1.680933 0.177740 28.237249 
-1.810241 -0.215533 28.556358 -1.717281 0.557938 28.434654 -1.680933 0.177740 28.237249 
-0.547277 -1.228074 28.092178 -0.844618 -1.316688 28.097736 -1.082919 -0.738114 28.091780 
-1.499886 0.452851 28.813095 -1.810241 -0.215533 28.556358 -1.574209 -0.128972 28.788820 
-0.898729 0.178887 28.787712 -0.938626 -0.134342 28.517344 -0.810032 0.436467 28.515333 
-1.059752 -1.540449 28.586239 -1.518155 -1.020410 28.380035 -0.919958 -1.476395 28.213150 
-0.438834 -1.844293 28.391329 -1.059752 -1.540449 28.586239 -0.919958 -1.476395 28.213150 
-0.847057 -1.411208 28.786333 -1.059752 -1.540449 28.586239 -0.397976 -1.632490 28.795332 
-0.898729 0.178887 28.787712 -0.379838 -0.016792 28.787292 -0.853703 -0.380907 28.787292 
-1.059752 -1.540449 28.586239 -1.167961 -1.130847 28.791084 -1.602480 -0.813552 28.655781 
-1.082919 -0.738114 28.091780 -0.844618 -1.316688 28.097736 -1.524967 -0.499360 28.136900 
-0.919958 -1.476395 28.213150 -1.524967 -0.499360 28.136900 -0.844618 -1.316688 28.097736 
-0.919958 -1.476395 28.213150 -1.518155 -1.020410 28.380035 -1.524967 -0.499360 28.136900 
-0.515649 -0.837611 28.788088 -0.225656 -0.375989 28.787292 -0.046233 -0.473614 28.787292 
-0.515649 -0.837611 28.788088 -0.853703 -0.380907 28.787292 -0.303154 -0.289235 28.787292 
-1.810241 -0.215533 28.556358 -1.518155 -1.020410 28.380035 -1.602480 -0.813552 28.655781 
-1.524967 -0.499360 28.136900 -1.277667 -0.069636 28.091805 -1.082919 -0.738114 28.091780 
-0.547277 -1.228074 28.092178 0.468500 -1.347436 28.094755 -0.844618 -1.316688 28.097736 
0.468500 -1.347436 28.094755 1.123305 -1.241763 28.119236 0.250673 -1.652281 28.132963 
-0.208096 -1.835831 28.676598 -0.438834 -1.844293 28.391329 0.208435 -1.907955 28.443037 
-0.919958 -1.476395 28.213150 0.250673 -1.652281 28.132963 -0.438834 -1.844293 28.391329 
1.157855 -1.279116 28.795849 0.798583 -1.519717 28.784552 0.400583 -1.656023 28.793383 
-0.541102 -0.867335 28.505854 0.144541 -1.039662 28.516054 -0.547277 -1.228074 28.092178 
-0.919958 -1.476395 28.213150 -0.844618 -1.316688 28.097736 0.250673 -1.652281 28.132963 
0.241613 -1.038668 28.786760 -0.046233 -0.473614 28.787292 0.097702 -0.488151 28.787292 
-0.438834 -1.844293 28.391329 -0.208096 -1.835831 28.676598 -1.059752 -1.540449 28.586239 
-0.046233 -0.473614 28.787292 0.241613 -1.038668 28.786760 -0.515649 -0.837611 28.788088 
1.244169 -0.704297 28.091808 1.634091 -0.366385 28.118448 1.123305 -1.241763 28.119236 
0.144541 -1.039662 28.516054 0.671513 -0.851494 28.515438 0.468500 -1.347436 28.094755 
1.244169 -0.704297 28.091808 1.123305 -1.241763 28.119236 0.468500 -1.347436 28.094755 
0.793949 -1.715012 28.311695 0.250673 -1.652281 28.132963 1.123305 -1.241763 28.119236 
0.400583 -1.656023 28.793383 0.735365 -1.787224 28.624828 1.157855 -1.279116 28.795849 
0.208435 -1.907955 28.443037 0.735365 -1.787224 28.624828 -0.208096 -1.835831 28.676598 
0.211583 -0.464413 28.787292 0.385840 -0.357841 28.787292 0.241613 -1.038668 28.786760 
1.157855 -1.279116 28.795849 1.563339 -1.083810 28.685589 1.504833 -0.875294 28.784603 
0.848245 -0.647553 28.787292 0.385840 -0.357841 28.787292 0.470397 -0.240458 28.787292 
0.735365 -1.787224 28.624828 1.454871 -1.254293 28.300579 1.563339 -1.083810 28.685589 
1.454871 -1.254293 28.300579 0.735365 -1.787224 28.624828 0.793949 -1.715012 28.311695 
1.096768 -0.083585 28.517487 0.731962 0.729173 28.543322 1.202542 0.767304 28.073725 
-1.173250 0.553773 28.077835 -1.680933 0.177740 28.237249 -1.169464 1.248123 28.236544 
-1.169464 1.248123 28.236544 -0.716969 1.112275 28.083723 -1.173250 0.553773 28.077835 
1.062829 -0.046047 28.788177 0.764906 0.675601 28.787609 1.096768 -0.083585 28.517487 
1.805139 0.390676 28.239422 1.634091 -0.366385 28.118448 1.447596 0.082245 28.075281 
0.764906 0.675601 28.787609 0.492412 0.100500 28.787292 0.373965 0.290830 28.787292 
0.151495 1.820753 28.598118 0.877026 1.664927 28.566238 0.101256 1.761424 28.237654 
0.173905 0.931859 28.787292 0.764906 0.675601 28.787609 0.157964 0.395697 28.787292 
0.619473 1.510307 28.813272 0.151495 1.820753 28.598118 0.140013 1.605648 28.785374 
0.101256 1.761424 28.237654 0.877026 1.664927 28.566238 1.088972 1.383564 28.227205 
0.309955 1.459411 28.095600 0.718816 1.139220 28.091805 0.041629 1.304690 28.091795 
0.173905 0.931859 28.787292 0.157964 0.395697 28.787292 -0.046233 0.390531 28.787292 
1.447596 0.082245 28.075281 1.634091 -0.366385 28.118448 1.244169 -0.704297 28.091808 
1.260801 1.109212 28.807878 0.877026 1.664927 28.566238 0.619473 1.510307 28.813272 
1.088972 1.383564 28.227205 1.805139 0.390676 28.239422 1.202542 0.767304 28.073725 
1.360733 1.242830 28.661167 1.260801 1.109212 28.807878 1.546599 0.688045 28.790413 
1.938628 -0.093998 28.602428 1.563339 -1.083810 28.685589 1.843598 -0.666775 28.424572 
0.470397 -0.240458 28.787292 1.062829 -0.046047 28.788177 0.848245 -0.647553 28.787292 
1.843598 -0.666775 28.424572 1.634091 -0.366385 28.118448 1.805139 0.390676 28.239422 
1.637083 -0.546507 28.788675 1.938628 -0.093998 28.602428 1.716740 -0.112015 28.785311 
-0.716969 1.112275 28.083723 0.309955 1.459411 28.095600 0.041629 1.304690 28.091795 
-1.169464 1.248123 28.236544 -1.680933 0.177740 28.237249 -1.717281 0.557938 28.434654 
-1.082919 -0.738114 28.091780 -0.938626 -0.134342 28.517344 -0.541102 -0.867335 28.505854 
-0.541102 -0.867335 28.505854 -0.853703 -0.380907 28.787292 -0.515649 -0.837611 28.788088 
0.793949 -1.715012 28.311695 0.735365 -1.787224 28.624828 0.208435 -1.907955 28.443037 
1.123305 -1.241763 28.119236 1.454871 -1.254293 28.300579 0.793949 -1.715012 28.311695 
1.837676 0.547816 28.599993 1.805139 0.390676 28.239422 1.600493 1.049659 28.404350 
1.546599 0.688045 28.790413 1.685786 0.287721 28.786547 1.837676 0.547816 28.599993 
1.244169 -0.704297 28.091808 0.671513 -0.851494 28.515438 1.096768 -0.083585 28.517487 
1.454871 -1.254293 28.300579 1.634091 -0.366385 28.118448 1.843598 -0.666775 28.424572 
-1.602480 -0.813552 28.655781 -1.454113 -0.698179 28.812929 -1.574209 -0.128972 28.788820 
-1.574209 -0.128972 28.788820 -1.810241 -0.215533 28.556358 -1.602480 -0.813552 28.655781 
1.600493 1.049659 28.404350 1.805139 0.390676 28.239422 1.088972 1.383564 28.227205 
