0.398652 0.116951 38.856461 0.331673 0.202024 41.838097 0.423538 -0.016534 41.839104 
0.181747 0.296441 38.856461 0.331673 0.202024 41.838097 0.398652 0.116951 38.856461 
-0.080099 0.288710 38.856461 0.120606 0.309973 41.838924 0.181747 0.296441 38.856461 
-0.309204 -0.041541 38.856461 -0.240580 0.135168 41.837498 -0.080099 0.288710 38.856461 
-0.056274 -0.386017 38.856461 0.014509 -0.394540 41.837151 -0.194864 -0.286536 41.837738 
0.351934 -0.291057 38.856464 0.376378 -0.221103 41.838722 0.222201 -0.363603 41.838005 
0.351934 -0.291057 38.856464 0.423538 -0.016534 41.839104 0.376378 -0.221103 41.838722 
0.423538 -0.016534 41.839104 0.248424 0.122295 41.949612 0.292820 -0.094793 41.947220 
0.120606 0.309973 41.838924 0.248424 0.122295 41.949612 0.331673 0.202024 41.838097 
-0.086922 0.278259 41.838341 -0.000541 0.181941 41.947117 0.120606 0.309973 41.838924 
-0.286964 -0.069655 41.836750 -0.171499 -0.007251 41.946991 -0.240580 0.135168 41.837498 
-0.194864 -0.286536 41.837738 -0.171499 -0.007251 41.946991 -0.286964 -0.069655 41.836750 
-0.194864 -0.286536 41.837738 -0.049654 -0.246090 41.947624 -0.171499 -0.007251 41.946991 
0.014509 -0.394540 41.837151 0.185462 -0.247867 41.947491 -0.049654 -0.246090 41.947624 
0.376378 -0.221103 41.838722 0.292820 -0.094793 41.947220 0.185462 -0.247867 41.947491 
-0.155402 0.009727 43.264824 0.009208 -0.129724 43.374107 0.003156 0.028083 43.367844 
0.050947 -0.273208 43.264767 0.009208 -0.129724 43.374107 -0.127567 -0.174456 43.264378 
0.256493 -0.190916 43.265392 0.009208 -0.129724 43.374107 0.050947 -0.273208 43.264767 
0.289791 0.027263 43.265320 0.165294 -0.064669 43.368309 0.256493 -0.190916 43.265392 
0.111156 0.045381 43.367126 0.130811 0.027052 44.878777 0.165294 -0.064669 43.368309 
0.047179 0.046503 44.882290 0.111156 0.045381 43.367126 0.003156 0.028083 43.367844 
-0.018448 -0.036013 44.877659 0.003156 0.028083 43.367844 0.009208 -0.129724 43.374107 
0.165294 -0.064669 43.368309 0.095260 -0.134149 44.870209 0.009208 -0.129724 43.374107 
0.095260 -0.134149 44.870209 0.088447 -0.111289 44.907532 0.013159 -0.099389 44.887848 
0.095260 -0.134149 44.870209 0.160329 -0.052323 44.882145 0.088447 -0.111289 44.907532 
0.289791 0.027263 43.265320 0.248424 0.122295 41.949612 0.153759 0.178888 43.265087 
0.153759 0.178888 43.265087 -0.000541 0.181941 41.947117 -0.063453 0.151052 43.265076 
-0.063453 0.151052 43.265076 -0.000541 0.181941 41.947117 -0.171499 -0.007251 41.946991 
-0.127567 -0.174456 43.264378 -0.171499 -0.007251 41.946991 -0.049654 -0.246090 41.947624 
0.050947 -0.273208 43.264767 0.185462 -0.247867 41.947491 0.256493 -0.190916 43.265392 
0.256493 -0.190916 43.265392 0.292820 -0.094793 41.947220 0.289791 0.027263 43.265320 
0.130500 -0.062575 46.746223 0.160329 -0.052323 44.882145 0.104048 0.026806 46.733879 
0.104048 0.026806 46.733879 0.130811 0.027052 44.878777 0.047179 0.046503 44.882290 
0.104048 0.026806 46.733879 0.047179 0.046503 44.882290 0.019570 0.002385 46.733036 
0.019570 0.002385 46.733036 -0.018448 -0.036013 44.877659 0.009319 -0.070003 46.733940 
0.009319 -0.070003 46.733940 -0.018448 -0.036013 44.877659 0.013159 -0.099389 44.887848 
0.068978 -0.102575 46.750553 0.088447 -0.111289 44.907532 0.130500 -0.062575 46.746223 
0.130500 -0.062575 46.746223 0.088447 -0.111289 44.907532 0.160329 -0.052323 44.882145 
0.057022 -0.071932 47.458149 0.130500 -0.062575 46.746223 0.105623 -0.048499 47.457062 
0.105623 -0.048499 47.457062 0.063171 -0.002792 47.458565 0.057022 -0.071932 47.458149 
0.181747 0.296441 38.856461 0.120606 0.309973 41.838924 0.331673 0.202024 41.838097 
-0.080099 0.288710 38.856461 -0.086922 0.278259 41.838341 0.120606 0.309973 41.838924 
-0.080099 0.288710 38.856461 -0.240580 0.135168 41.837498 -0.086922 0.278259 41.838341 
-0.309204 -0.041541 38.856461 -0.286964 -0.069655 41.836750 -0.240580 0.135168 41.837498 
-0.309204 -0.041541 38.856461 -0.194864 -0.286536 41.837738 -0.286964 -0.069655 41.836750 
-0.309204 -0.041541 38.856461 -0.056274 -0.386017 38.856461 -0.194864 -0.286536 41.837738 
-0.000541 0.181941 41.947117 -0.086922 0.278259 41.838341 -0.240580 0.135168 41.837498 
-0.240580 0.135168 41.837498 -0.171499 -0.007251 41.946991 -0.000541 0.181941 41.947117 
0.351934 -0.291057 38.856464 0.398652 0.116951 38.856461 0.423538 -0.016534 41.839104 
0.423538 -0.016534 41.839104 0.331673 0.202024 41.838097 0.248424 0.122295 41.949612 
0.120606 0.309973 41.838924 -0.000541 0.181941 41.947117 0.248424 0.122295 41.949612 
0.003156 0.028083 43.367844 0.111156 0.045381 43.367126 0.153759 0.178888 43.265087 
0.153759 0.178888 43.265087 -0.063453 0.151052 43.265076 0.003156 0.028083 43.367844 
-0.194864 -0.286536 41.837738 0.014509 -0.394540 41.837151 -0.049654 -0.246090 41.947624 
0.014509 -0.394540 41.837151 0.222201 -0.363603 41.838005 0.185462 -0.247867 41.947491 
0.222201 -0.363603 41.838005 0.376378 -0.221103 41.838722 0.185462 -0.247867 41.947491 
0.376378 -0.221103 41.838722 0.423538 -0.016534 41.839104 0.292820 -0.094793 41.947220 
0.289791 0.027263 43.265320 0.111156 0.045381 43.367126 0.165294 -0.064669 43.368309 
0.289791 0.027263 43.265320 0.153759 0.178888 43.265087 0.111156 0.045381 43.367126 
0.057978 -0.001923 46.774731 0.068978 -0.102575 46.750553 0.057022 -0.071932 47.458149 
0.057022 -0.071932 47.458149 0.063171 -0.002792 47.458565 0.057978 -0.001923 46.774731 
-0.063453 0.151052 43.265076 -0.155402 0.009727 43.264824 0.003156 0.028083 43.367844 
-0.155402 0.009727 43.264824 -0.127567 -0.174456 43.264378 0.009208 -0.129724 43.374107 
0.222201 -0.363603 41.838005 0.014509 -0.394540 41.837151 -0.056274 -0.386017 38.856461 
-0.056274 -0.386017 38.856461 0.351934 -0.291057 38.856464 0.222201 -0.363603 41.838005 
0.256493 -0.190916 43.265392 0.165294 -0.064669 43.368309 0.009208 -0.129724 43.374107 
0.165294 -0.064669 43.368309 0.130811 0.027052 44.878777 0.160329 -0.052323 44.882145 
0.047179 0.046503 44.882290 0.130811 0.027052 44.878777 0.111156 0.045381 43.367126 
-0.018448 -0.036013 44.877659 0.047179 0.046503 44.882290 0.003156 0.028083 43.367844 
0.013159 -0.099389 44.887848 -0.018448 -0.036013 44.877659 0.009208 -0.129724 43.374107 
0.009208 -0.129724 43.374107 0.095260 -0.134149 44.870209 0.013159 -0.099389 44.887848 
0.165294 -0.064669 43.368309 0.160329 -0.052323 44.882145 0.095260 -0.134149 44.870209 
0.289791 0.027263 43.265320 0.292820 -0.094793 41.947220 0.248424 0.122295 41.949612 
0.153759 0.178888 43.265087 0.248424 0.122295 41.949612 -0.000541 0.181941 41.947117 
-0.155402 0.009727 43.264824 -0.063453 0.151052 43.265076 -0.171499 -0.007251 41.946991 
-0.127567 -0.174456 43.264378 -0.155402 0.009727 43.264824 -0.171499 -0.007251 41.946991 
0.050947 -0.273208 43.264767 -0.127567 -0.174456 43.264378 -0.049654 -0.246090 41.947624 
0.050947 -0.273208 43.264767 -0.049654 -0.246090 41.947624 0.185462 -0.247867 41.947491 
0.256493 -0.190916 43.265392 0.185462 -0.247867 41.947491 0.292820 -0.094793 41.947220 
0.104048 0.026806 46.733879 0.160329 -0.052323 44.882145 0.130811 0.027052 44.878777 
0.019570 0.002385 46.733036 0.047179 0.046503 44.882290 -0.018448 -0.036013 44.877659 
0.068978 -0.102575 46.750553 0.009319 -0.070003 46.733940 0.013159 -0.099389 44.887848 
0.068978 -0.102575 46.750553 0.013159 -0.099389 44.887848 0.088447 -0.111289 44.907532 
0.057978 -0.001923 46.774731 0.130500 -0.062575 46.746223 0.104048 0.026806 46.733879 
0.057978 -0.001923 46.774731 0.104048 0.026806 46.733879 0.019570 0.002385 46.733036 
0.057978 -0.001923 46.774731 0.019570 0.002385 46.733036 0.009319 -0.070003 46.733940 
0.068978 -0.102575 46.750553 0.057978 -0.001923 46.774731 0.009319 -0.070003 46.733940 
0.063171 -0.002792 47.458565 0.105623 -0.048499 47.457062 0.130500 -0.062575 46.746223 
0.063171 -0.002792 47.458565 0.130500 -0.062575 46.746223 0.057978 -0.001923 46.774731 
0.057022 -0.071932 47.458149 0.068978 -0.102575 46.750553 0.130500 -0.062575 46.746223 
