0.813977 1.742539 29.196983 0.919486 1.693262 29.196983 0.813149 1.740683 29.361845 
0.064507 -1.974701 29.196983 -0.051827 -1.969552 29.196983 0.064562 -1.972670 29.361845 
0.190953 -1.970892 29.196983 0.074530 -1.973362 29.196983 0.190874 -1.968861 29.361845 
0.316878 -1.958820 29.196983 0.200867 -1.968899 29.196983 0.316667 -1.956799 29.361845 
0.441744 -1.938538 29.196983 0.326641 -1.956183 29.196983 0.441402 -1.936535 29.361845 
0.565017 -1.910133 29.196983 0.451314 -1.935269 29.196983 0.564544 -1.908157 29.361845 
0.686168 -1.873726 29.196983 0.574352 -1.906245 29.196983 0.685567 -1.871786 29.361845 
0.804678 -1.829474 29.196983 0.695229 -1.869236 29.196983 0.803951 -1.827577 29.361847 
0.920040 -1.777566 29.196983 0.813426 -1.824401 29.196983 0.919191 -1.775720 29.361847 
1.031761 -1.718223 29.196983 0.928438 -1.771931 29.196983 1.030792 -1.716437 29.361847 
1.139361 -1.651701 29.196983 1.039772 -1.712052 29.196983 1.138278 -1.649982 29.361847 
1.242380 -1.578284 29.196983 1.146951 -1.645018 29.196983 1.241186 -1.576639 29.361847 
1.340376 -1.498286 29.196983 1.249516 -1.571119 29.196983 1.339078 -1.496723 29.361847 
1.432931 -1.412051 29.196983 1.347029 -1.490671 29.196983 1.431534 -1.410576 29.361847 
1.519647 -1.319946 29.196983 1.439071 -1.404016 29.196983 1.518156 -1.318566 29.361847 
1.600154 -1.222367 29.196983 1.525249 -1.311527 29.196983 1.598576 -1.221088 29.361845 
1.674107 -1.119732 29.196983 1.605193 -1.213600 29.196983 1.672448 -1.118559 29.361845 
1.741189 -1.012480 29.196983 1.678562 -1.110654 29.196983 1.739457 -1.011417 29.361845 
1.801112 -0.901070 29.196983 1.745040 -1.003130 29.196983 1.799314 -0.900123 29.361845 
1.853620 -0.785980 29.196983 1.804343 -0.891488 29.196983 1.851764 -0.785152 29.361845 
1.898489 -0.667701 29.196983 1.856219 -0.776207 29.196983 1.896583 -0.666997 29.361847 
1.935526 -0.546742 29.196983 1.900442 -0.657779 29.196983 1.933578 -0.546163 29.361847 
1.964572 -0.423619 29.196983 1.936826 -0.536713 29.196983 1.962591 -0.423169 29.361847 
1.985504 -0.298860 29.196983 1.965214 -0.413527 29.196983 1.983497 -0.298541 29.361847 
1.998231 -0.172999 29.196983 1.985484 -0.288747 29.196983 1.996208 -0.172811 29.361847 
2.002700 -0.046575 29.196983 1.997550 -0.162909 29.196983 2.000668 -0.046520 29.361847 
1.998889 0.079871 29.196983 2.001360 -0.036552 29.196983 1.996859 0.079792 29.361847 
1.986818 0.205796 29.196983 1.996897 0.089785 29.196983 1.984797 0.205585 29.361847 
1.966537 0.330663 29.196983 1.984182 0.215559 29.196983 1.964534 0.330320 29.361845 
1.938132 0.453935 29.196983 1.963267 0.340232 29.196983 1.936155 0.453462 29.361845 
1.901725 0.575086 29.196983 1.934243 0.463270 29.196983 1.899784 0.574485 29.361845 
1.857473 0.693596 29.196983 1.897235 0.584146 29.196983 1.855575 0.692869 29.361845 
1.805565 0.808959 29.196983 1.852400 0.702344 29.196983 1.803719 0.808109 29.361845 
1.746222 0.920679 29.196983 1.799930 0.817356 29.196983 1.744436 0.919711 29.361845 
1.679700 1.028280 29.196983 1.740051 0.928690 29.196983 1.677981 1.027196 29.361845 
1.606283 1.131299 29.196983 1.673018 1.035869 29.196983 1.604638 1.130105 29.361845 
1.526285 1.229295 29.196983 1.599118 1.138435 29.196983 1.524722 1.227997 29.361845 
1.440049 1.321850 29.196983 1.518669 1.235948 29.196983 1.438574 1.320452 29.361845 
1.347945 1.408567 29.196983 1.432014 1.327991 29.196983 1.346564 1.407075 29.361845 
1.250365 1.489073 29.196983 1.339525 1.414168 29.196983 1.249086 1.487495 29.361845 
1.147730 1.563026 29.196983 1.241598 1.494113 29.196983 1.146557 1.561367 29.361845 
1.040478 1.630107 29.196983 1.138652 1.567481 29.196983 1.039415 1.628376 29.361845 
0.929068 1.690031 29.196983 1.031128 1.633959 29.196983 0.928121 1.688233 29.361845 
0.695698 1.787408 29.196983 0.804204 1.745137 29.196983 0.694994 1.785502 29.361845 
0.574739 1.824445 29.196983 0.685776 1.789361 29.196983 0.574160 1.822497 29.361845 
0.451616 1.853491 29.196983 0.564710 1.825745 29.196983 0.451166 1.851510 29.361845 
0.326856 1.874422 29.196983 0.441523 1.854132 29.196983 0.326537 1.872416 29.361845 
0.200995 1.887149 29.196983 0.316744 1.874403 29.196983 0.200808 1.885126 29.361845 
0.074571 1.891618 29.196983 0.190905 1.886468 29.196983 0.074516 1.889586 29.361845 
-0.051875 1.887807 29.196983 0.064547 1.890278 29.196983 -0.051796 1.885777 29.361845 
-0.177800 1.875735 29.196983 -0.061789 1.885815 29.196983 -0.177589 1.873714 29.361845 
-0.302667 1.855453 29.196983 -0.187563 1.873099 29.196983 -0.302324 1.853451 29.361845 
-0.425940 1.827048 29.196983 -0.312236 1.852184 29.196983 -0.425467 1.825072 29.361845 
-0.547091 1.790642 29.196983 -0.435275 1.823160 29.196983 -0.546489 1.788701 29.361845 
-0.665601 1.746389 29.196983 -0.556152 1.786151 29.196983 -0.664874 1.744491 29.361845 
-0.780964 1.694480 29.196983 -0.674349 1.741316 29.196983 -0.780114 1.692634 29.361845 
-0.892684 1.635137 29.196983 -0.789361 1.688846 29.196983 -0.891715 1.633351 29.361845 
-1.000284 1.568615 29.196983 -0.900695 1.628965 29.196983 -0.999201 1.566896 29.361845 
-1.103303 1.495197 29.196983 -1.007874 1.561932 29.196983 -1.102109 1.493553 29.361845 
-1.201300 1.415199 29.196983 -1.110440 1.488033 29.196983 -1.200001 1.413636 29.361845 
-1.293854 1.328963 29.196983 -1.207952 1.407583 29.196983 -1.292456 1.327489 29.361845 
-1.380570 1.236859 29.196983 -1.299994 1.320929 29.196983 -1.379079 1.235478 29.361845 
-1.461077 1.139279 29.196983 -1.386172 1.228439 29.196983 -1.459499 1.138000 29.361845 
-1.535029 1.036644 29.196983 -1.466116 1.130512 29.196983 -1.533370 1.035471 29.361845 
-1.602110 0.929392 29.196983 -1.539483 1.027566 29.196983 -1.600378 0.928329 29.361845 
-1.662033 0.817982 29.196983 -1.605961 0.920043 29.196983 -1.660235 0.817035 29.361845 
-1.714541 0.702892 29.196983 -1.665264 0.808401 29.196983 -1.712685 0.702064 29.361845 
-1.759410 0.584614 29.196983 -1.717139 0.693119 29.196983 -1.757504 0.583909 29.361845 
-1.796446 0.463654 29.196983 -1.761363 0.574692 29.196983 -1.794498 0.463076 29.361845 
-1.825492 0.340532 29.196983 -1.797746 0.453626 29.196983 -1.823510 0.340082 29.361845 
-1.846424 0.215773 29.196983 -1.826133 0.330440 29.196983 -1.844417 0.215454 29.361845 
-1.859150 0.089912 29.196983 -1.846404 0.205661 29.196983 -1.857127 0.089725 29.361845 
-1.863618 -0.036512 29.196983 -1.858469 0.079823 29.196983 -1.861587 -0.036566 29.361845 
-1.859808 -0.162957 29.196983 -1.862279 -0.046535 29.196983 -1.857778 -0.162878 29.361845 
-1.847737 -0.288882 29.196983 -1.857816 -0.172871 29.196983 -1.845716 -0.288671 29.361845 
-1.827455 -0.413748 29.196983 -1.845101 -0.298644 29.196983 -1.825452 -0.413405 29.361847 
-1.799050 -0.537021 29.196983 -1.824186 -0.423317 29.196983 -1.797073 -0.536547 29.361847 
-1.762643 -0.658171 29.196983 -1.795162 -0.546355 29.196983 -1.760702 -0.657570 29.361847 
-1.718391 -0.776681 29.196983 -1.758153 -0.667232 29.196983 -1.716494 -0.775954 29.361847 
-1.666483 -0.892043 29.196983 -1.713318 -0.785428 29.196983 -1.664637 -0.891194 29.361847 
-1.607140 -1.003763 29.196983 -1.660848 -0.900440 29.196983 -1.605354 -1.002795 29.361847 
-1.540618 -1.111363 29.196983 -1.600969 -1.011774 29.196983 -1.538899 -1.110280 29.361847 
-1.467202 -1.214382 29.196983 -1.533936 -1.118953 29.196983 -1.465557 -1.213189 29.361847 
-1.387204 -1.312378 29.196983 -1.460037 -1.221518 29.196983 -1.385641 -1.311080 29.361845 
-1.300969 -1.404933 29.196983 -1.379589 -1.319031 29.196983 -1.299494 -1.403535 29.361845 
-1.208865 -1.491649 29.196983 -1.292934 -1.411073 29.196983 -1.207484 -1.490158 29.361845 
-1.111286 -1.572156 29.196983 -1.200446 -1.497251 29.196983 -1.110006 -1.570577 29.361845 
-1.008651 -1.646108 29.196983 -1.102519 -1.577195 29.196983 -1.007477 -1.644449 29.361845 
-0.901399 -1.713190 29.196983 -0.999573 -1.650563 29.196983 -0.900337 -1.711458 29.361845 
-0.789989 -1.773113 29.196983 -0.892049 -1.717041 29.196983 -0.789042 -1.771316 29.361845 
-0.674899 -1.825621 29.196983 -0.780408 -1.776345 29.196983 -0.674072 -1.823765 29.361845 
-0.556621 -1.870490 29.196983 -0.665127 -1.828220 29.196983 -0.555917 -1.868584 29.361845 
-0.435662 -1.907527 29.196983 -0.546700 -1.872443 29.196983 -0.435084 -1.905579 29.361845 
-0.312539 -1.936574 29.196983 -0.425634 -1.908827 29.196983 -0.312090 -1.934592 29.361845 
-0.187780 -1.957505 29.196983 -0.302448 -1.937215 29.196983 -0.187461 -1.955498 29.361845 
-0.061920 -1.970233 29.196983 -0.177668 -1.957486 29.196983 -0.061733 -1.968209 29.361845 
0.813977 1.742539 29.196983 0.813149 1.740683 29.361845 0.920313 1.695118 29.361845 
0.201078 -1.970920 29.361845 0.316667 -1.956799 29.361845 0.200867 -1.968899 29.196983 
0.064507 -1.974701 29.196983 0.064562 -1.972670 29.361845 -0.051882 -1.971583 29.361845 
0.326984 -1.958186 29.361845 0.441402 -1.936535 29.361845 0.326641 -1.956183 29.196983 
0.190953 -1.970892 29.196983 0.190874 -1.968861 29.361845 0.074609 -1.975392 29.361845 
0.451787 -1.937245 29.361845 0.564544 -1.908157 29.361845 0.451314 -1.935269 29.196983 
0.316878 -1.958820 29.196983 0.316667 -1.956799 29.361845 0.201078 -1.970920 29.361845 
0.574953 -1.908186 29.361845 0.685567 -1.871786 29.361845 0.574352 -1.906245 29.196983 
0.441744 -1.938538 29.196983 0.441402 -1.936535 29.361845 0.326984 -1.958186 29.361845 
0.695956 -1.871134 29.361845 0.803951 -1.827577 29.361847 0.695229 -1.869236 29.196983 
0.565017 -1.910133 29.196983 0.564544 -1.908157 29.361845 0.451787 -1.937245 29.361845 
0.814275 -1.826247 29.361847 0.919191 -1.775720 29.361847 0.813426 -1.824401 29.196983 
0.686168 -1.873726 29.196983 0.685567 -1.871786 29.361845 0.574953 -1.908186 29.361845 
0.929406 -1.773718 29.361847 1.030792 -1.716437 29.361847 0.928438 -1.771931 29.196983 
0.804678 -1.829474 29.196983 0.803951 -1.827577 29.361847 0.695956 -1.871134 29.361845 
1.040855 -1.713771 29.361847 1.138278 -1.649982 29.361847 1.039772 -1.712052 29.196983 
0.920040 -1.777566 29.196983 0.919191 -1.775720 29.361847 0.814275 -1.826247 29.361847 
1.148144 -1.646663 29.361847 1.241186 -1.576639 29.361847 1.146951 -1.645018 29.196983 
1.031761 -1.718223 29.196983 1.030792 -1.716437 29.361847 0.929406 -1.773718 29.361847 
1.250815 -1.572682 29.361847 1.339078 -1.496723 29.361847 1.249516 -1.571119 29.196983 
1.139361 -1.651701 29.196983 1.138278 -1.649982 29.361847 1.040855 -1.713771 29.361847 
1.348427 -1.492145 29.361847 1.431534 -1.410576 29.361847 1.347029 -1.490671 29.196983 
1.242380 -1.578284 29.196983 1.241186 -1.576639 29.361847 1.148144 -1.646663 29.361847 
1.440563 -1.405396 29.361847 1.518156 -1.318566 29.361847 1.439071 -1.404016 29.196983 
1.340376 -1.498286 29.196983 1.339078 -1.496723 29.361847 1.250815 -1.572682 29.361847 
1.526828 -1.312807 29.361847 1.598576 -1.221088 29.361845 1.525249 -1.311527 29.196983 
1.432931 -1.412051 29.196983 1.431534 -1.410576 29.361847 1.348427 -1.492145 29.361847 
1.606852 -1.214774 29.361845 1.672448 -1.118559 29.361845 1.605193 -1.213600 29.196983 
1.519647 -1.319946 29.196983 1.518156 -1.318566 29.361847 1.440563 -1.405396 29.361847 
1.680294 -1.111717 29.361845 1.739457 -1.011417 29.361845 1.678562 -1.110654 29.196983 
1.600154 -1.222367 29.196983 1.598576 -1.221088 29.361845 1.526828 -1.312807 29.361847 
1.746838 -1.004077 29.361845 1.799314 -0.900123 29.361845 1.745040 -1.003130 29.196983 
1.674107 -1.119732 29.196983 1.672448 -1.118559 29.361845 1.606852 -1.214774 29.361845 
1.806199 -0.892316 29.361845 1.851764 -0.785152 29.361845 1.804343 -0.891488 29.196983 
1.741189 -1.012480 29.196983 1.739457 -1.011417 29.361845 1.680294 -1.111717 29.361845 
1.858124 -0.776911 29.361845 1.896583 -0.666997 29.361847 1.856219 -0.776207 29.196983 
1.801112 -0.901070 29.196983 1.799314 -0.900123 29.361845 1.746838 -1.004077 29.361845 
1.902390 -0.658358 29.361847 1.933578 -0.546163 29.361847 1.900442 -0.657779 29.196983 
1.853620 -0.785980 29.196983 1.851764 -0.785152 29.361845 1.806199 -0.892316 29.361845 
1.938808 -0.537163 29.361847 1.962591 -0.423169 29.361847 1.936826 -0.536713 29.196983 
1.898489 -0.667701 29.196983 1.896583 -0.666997 29.361847 1.858124 -0.776911 29.361845 
1.967221 -0.413846 29.361847 1.983497 -0.298541 29.361847 1.965214 -0.413527 29.196983 
1.935526 -0.546742 29.196983 1.933578 -0.546163 29.361847 1.902390 -0.658358 29.361847 
1.987507 -0.288935 29.361847 1.996208 -0.172811 29.361847 1.985484 -0.288747 29.196983 
1.964572 -0.423619 29.196983 1.962591 -0.423169 29.361847 1.938808 -0.537163 29.361847 
1.999581 -0.162964 29.361847 2.000668 -0.046520 29.361847 1.997550 -0.162909 29.196983 
1.985504 -0.298860 29.196983 1.983497 -0.298541 29.361847 1.967221 -0.413846 29.361847 
2.003390 -0.036473 29.361847 1.996859 0.079792 29.361847 2.001360 -0.036552 29.196983 
1.998231 -0.172999 29.196983 1.996208 -0.172811 29.361847 1.987507 -0.288935 29.361847 
1.998918 0.089996 29.361847 1.984797 0.205585 29.361847 1.996897 0.089785 29.196983 
2.002700 -0.046575 29.196983 2.000668 -0.046520 29.361847 1.999581 -0.162964 29.361847 
1.986185 0.215902 29.361847 1.964534 0.330320 29.361845 1.984182 0.215559 29.196983 
1.998889 0.079871 29.196983 1.996859 0.079792 29.361847 2.003390 -0.036473 29.361847 
1.965243 0.340705 29.361845 1.936155 0.453462 29.361845 1.963267 0.340232 29.196983 
1.986818 0.205796 29.196983 1.984797 0.205585 29.361847 1.998918 0.089996 29.361847 
1.936184 0.463871 29.361845 1.899784 0.574485 29.361845 1.934243 0.463270 29.196983 
1.966537 0.330663 29.196983 1.964534 0.330320 29.361845 1.986185 0.215902 29.361847 
1.899132 0.584874 29.361845 1.855575 0.692869 29.361845 1.897235 0.584146 29.196983 
1.938132 0.453935 29.196983 1.936155 0.453462 29.361845 1.965243 0.340705 29.361845 
1.854246 0.703193 29.361845 1.803719 0.808109 29.361845 1.852400 0.702344 29.196983 
1.901725 0.575086 29.196983 1.899784 0.574485 29.361845 1.936184 0.463871 29.361845 
1.801717 0.818324 29.361845 1.744436 0.919711 29.361845 1.799930 0.817356 29.196983 
1.857473 0.693596 29.196983 1.855575 0.692869 29.361845 1.899132 0.584874 29.361845 
1.741770 0.929774 29.361845 1.677981 1.027196 29.361845 1.740051 0.928690 29.196983 
1.805565 0.808959 29.196983 1.803719 0.808109 29.361845 1.854246 0.703193 29.361845 
1.674662 1.037063 29.361845 1.604638 1.130105 29.361845 1.673018 1.035869 29.196983 
1.746222 0.920679 29.196983 1.744436 0.919711 29.361845 1.801717 0.818324 29.361845 
1.600681 1.139733 29.361845 1.524722 1.227997 29.361845 1.599118 1.138435 29.196983 
1.679700 1.028280 29.196983 1.677981 1.027196 29.361845 1.741770 0.929774 29.361845 
1.520144 1.237346 29.361845 1.438574 1.320452 29.361845 1.518669 1.235948 29.196983 
1.606283 1.131299 29.196983 1.604638 1.130105 29.361845 1.674662 1.037063 29.361845 
1.433395 1.329482 29.361845 1.346564 1.407075 29.361845 1.432014 1.327991 29.196983 
1.526285 1.229295 29.196983 1.524722 1.227997 29.361845 1.600681 1.139733 29.361845 
1.340805 1.415747 29.361845 1.249086 1.487495 29.361845 1.339525 1.414168 29.196983 
1.440049 1.321850 29.196983 1.438574 1.320452 29.361845 1.520144 1.237346 29.361845 
1.242772 1.495771 29.361845 1.146557 1.561367 29.361845 1.241598 1.494113 29.196983 
1.347945 1.408567 29.196983 1.346564 1.407075 29.361845 1.433395 1.329482 29.361845 
1.139715 1.569213 29.361845 1.039415 1.628376 29.361845 1.138652 1.567481 29.196983 
1.250365 1.489073 29.196983 1.249086 1.487495 29.361845 1.340805 1.415747 29.361845 
1.032075 1.635757 29.361845 0.928121 1.688233 29.361845 1.031128 1.633959 29.196983 
1.147730 1.563026 29.196983 1.146557 1.561367 29.361845 1.242772 1.495771 29.361845 
0.804908 1.747043 29.361845 0.694994 1.785502 29.361845 0.804204 1.745137 29.196983 
1.040478 1.630107 29.196983 1.039415 1.628376 29.361845 1.139715 1.569213 29.361845 
0.686355 1.791309 29.361845 0.574160 1.822497 29.361845 0.685776 1.789361 29.196983 
0.929068 1.690031 29.196983 0.928121 1.688233 29.361845 1.032075 1.635757 29.361845 
0.565160 1.827727 29.361845 0.451166 1.851510 29.361845 0.564710 1.825745 29.196983 
0.695698 1.787408 29.196983 0.694994 1.785502 29.361845 0.804908 1.747043 29.361845 
0.441842 1.856139 29.361845 0.326537 1.872416 29.361845 0.441523 1.854132 29.196983 
0.574739 1.824445 29.196983 0.574160 1.822497 29.361845 0.686355 1.791309 29.361845 
0.316931 1.876426 29.361845 0.200808 1.885126 29.361845 0.316744 1.874403 29.196983 
0.451616 1.853491 29.196983 0.451166 1.851510 29.361845 0.565160 1.827727 29.361845 
0.190960 1.888499 29.361845 0.074516 1.889586 29.361845 0.190905 1.886468 29.196983 
0.326856 1.874422 29.196983 0.326537 1.872416 29.361845 0.441842 1.856139 29.361845 
0.064469 1.892308 29.361845 -0.051796 1.885777 29.361845 0.064547 1.890278 29.196983 
0.200995 1.887149 29.196983 0.200808 1.885126 29.361845 0.316931 1.876426 29.361845 
-0.062000 1.887836 29.361845 -0.177589 1.873714 29.361845 -0.061789 1.885815 29.196983 
0.074571 1.891618 29.196983 0.074516 1.889586 29.361845 0.190960 1.888499 29.361845 
-0.187906 1.875102 29.361845 -0.302324 1.853451 29.361845 -0.187563 1.873099 29.196983 
-0.051875 1.887807 29.196983 -0.051796 1.885777 29.361845 0.064469 1.892308 29.361845 
-0.312710 1.854160 29.361845 -0.425467 1.825072 29.361845 -0.312236 1.852184 29.196983 
-0.177800 1.875735 29.196983 -0.177589 1.873714 29.361845 -0.062000 1.887836 29.361845 
-0.435876 1.825101 29.361845 -0.546489 1.788701 29.361845 -0.435275 1.823160 29.196983 
-0.302667 1.855453 29.196983 -0.302324 1.853451 29.361845 -0.187906 1.875102 29.361845 
-0.556878 1.788048 29.361845 -0.664874 1.744491 29.361845 -0.556152 1.786151 29.196983 
-0.425940 1.827048 29.196983 -0.425467 1.825072 29.361845 -0.312710 1.854160 29.361845 
-0.675199 1.743161 29.361845 -0.780114 1.692634 29.361845 -0.674349 1.741316 29.196983 
-0.547091 1.790642 29.196983 -0.546489 1.788701 29.361845 -0.435876 1.825101 29.361845 
-0.790329 1.690632 29.361845 -0.891715 1.633351 29.361845 -0.789361 1.688846 29.196983 
-0.665601 1.746389 29.196983 -0.664874 1.744491 29.361845 -0.556878 1.788048 29.361845 
-0.901778 1.630684 29.361845 -0.999201 1.566896 29.361845 -0.900695 1.628965 29.196983 
-0.780964 1.694480 29.196983 -0.780114 1.692634 29.361845 -0.675199 1.743161 29.361845 
-1.009067 1.563577 29.361845 -1.102109 1.493553 29.361845 -1.007874 1.561932 29.196983 
-0.892684 1.635137 29.196983 -0.891715 1.633351 29.361845 -0.790329 1.690632 29.361845 
-1.111738 1.489596 29.361845 -1.200001 1.413636 29.361845 -1.110440 1.488033 29.196983 
-1.000284 1.568615 29.196983 -0.999201 1.566896 29.361845 -0.901778 1.630684 29.361845 
-1.209350 1.409058 29.361845 -1.292456 1.327489 29.361845 -1.207952 1.407583 29.196983 
-1.103303 1.495197 29.196983 -1.102109 1.493553 29.361845 -1.009067 1.563577 29.361845 
-1.301486 1.322309 29.361845 -1.379079 1.235478 29.361845 -1.299994 1.320929 29.196983 
-1.201300 1.415199 29.196983 -1.200001 1.413636 29.361845 -1.111738 1.489596 29.361845 
-1.387750 1.229719 29.361845 -1.459499 1.138000 29.361845 -1.386172 1.228439 29.196983 
-1.293854 1.328963 29.196983 -1.292456 1.327489 29.361845 -1.209350 1.409058 29.361845 
-1.467774 1.131686 29.361845 -1.533370 1.035471 29.361845 -1.466116 1.130512 29.196983 
-1.380570 1.236859 29.196983 -1.379079 1.235478 29.361845 -1.301486 1.322309 29.361845 
-1.541215 1.028629 29.361845 -1.600378 0.928329 29.361845 -1.539483 1.027566 29.196983 
-1.461077 1.139279 29.196983 -1.459499 1.138000 29.361845 -1.387750 1.229719 29.361845 
-1.607759 0.920990 29.361845 -1.660235 0.817035 29.361845 -1.605961 0.920043 29.196983 
-1.535029 1.036644 29.196983 -1.533370 1.035471 29.361845 -1.467774 1.131686 29.361845 
-1.667120 0.809228 29.361845 -1.712685 0.702064 29.361845 -1.665264 0.808401 29.196983 
-1.602110 0.929392 29.196983 -1.600378 0.928329 29.361845 -1.541215 1.028629 29.361845 
-1.719045 0.693824 29.361845 -1.757504 0.583909 29.361845 -1.717139 0.693119 29.196983 
-1.662033 0.817982 29.196983 -1.660235 0.817035 29.361845 -1.607759 0.920990 29.361845 
-1.763311 0.575271 29.361845 -1.794498 0.463076 29.361845 -1.761363 0.574692 29.196983 
-1.714541 0.702892 29.196983 -1.712685 0.702064 29.361845 -1.667120 0.809228 29.361845 
-1.799728 0.454076 29.361845 -1.823510 0.340082 29.361845 -1.797746 0.453626 29.196983 
-1.759410 0.584614 29.196983 -1.757504 0.583909 29.361845 -1.719045 0.693824 29.361845 
-1.828140 0.330759 29.361845 -1.844417 0.215454 29.361845 -1.826133 0.330440 29.196983 
-1.796446 0.463654 29.196983 -1.794498 0.463076 29.361845 -1.763311 0.575271 29.361845 
-1.848427 0.205848 29.361845 -1.857127 0.089725 29.361845 -1.846404 0.205661 29.196983 
-1.825492 0.340532 29.196983 -1.823510 0.340082 29.361845 -1.799728 0.454076 29.361845 
-1.860501 0.079877 29.361845 -1.861587 -0.036566 29.361845 -1.858469 0.079823 29.196983 
-1.846424 0.215773 29.196983 -1.844417 0.215454 29.361845 -1.828140 0.330759 29.361845 
-1.864309 -0.046613 29.361845 -1.857778 -0.162878 29.361845 -1.862279 -0.046535 29.196983 
-1.859150 0.089912 29.196983 -1.857127 0.089725 29.361845 -1.848427 0.205848 29.361845 
-1.859837 -0.173082 29.361845 -1.845716 -0.288671 29.361845 -1.857816 -0.172871 29.196983 
-1.863618 -0.036512 29.196983 -1.861587 -0.036566 29.361845 -1.860501 0.079877 29.361845 
-1.847103 -0.298987 29.361845 -1.825452 -0.413405 29.361847 -1.845101 -0.298644 29.196983 
-1.859808 -0.162957 29.196983 -1.857778 -0.162878 29.361845 -1.864309 -0.046613 29.361845 
-1.826162 -0.423791 29.361847 -1.797073 -0.536547 29.361847 -1.824186 -0.423317 29.196983 
-1.847737 -0.288882 29.196983 -1.845716 -0.288671 29.361845 -1.859837 -0.173082 29.361845 
-1.797103 -0.546957 29.361847 -1.760702 -0.657570 29.361847 -1.795162 -0.546355 29.196983 
-1.827455 -0.413748 29.196983 -1.825452 -0.413405 29.361847 -1.847103 -0.298987 29.361845 
-1.760051 -0.667959 29.361847 -1.716494 -0.775954 29.361847 -1.758153 -0.667232 29.196983 
-1.799050 -0.537021 29.196983 -1.797073 -0.536547 29.361847 -1.826162 -0.423791 29.361847 
-1.715164 -0.786278 29.361847 -1.664637 -0.891194 29.361847 -1.713318 -0.785428 29.196983 
-1.762643 -0.658171 29.196983 -1.760702 -0.657570 29.361847 -1.797103 -0.546957 29.361847 
-1.662635 -0.901408 29.361847 -1.605354 -1.002795 29.361847 -1.660848 -0.900440 29.196983 
-1.718391 -0.776681 29.196983 -1.716494 -0.775954 29.361847 -1.760051 -0.667959 29.361847 
-1.602688 -1.012857 29.361847 -1.538899 -1.110280 29.361847 -1.600969 -1.011774 29.196983 
-1.666483 -0.892043 29.196983 -1.664637 -0.891194 29.361847 -1.715164 -0.786278 29.361847 
-1.535581 -1.120146 29.361847 -1.465557 -1.213189 29.361847 -1.533936 -1.118953 29.196983 
-1.607140 -1.003763 29.196983 -1.605354 -1.002795 29.361847 -1.662635 -0.901408 29.361847 
-1.461600 -1.222817 29.361847 -1.385641 -1.311080 29.361845 -1.460037 -1.221518 29.196983 
-1.540618 -1.111363 29.196983 -1.538899 -1.110280 29.361847 -1.602688 -1.012857 29.361847 
-1.381063 -1.320429 29.361845 -1.299494 -1.403535 29.361845 -1.379589 -1.319031 29.196983 
-1.467202 -1.214382 29.196983 -1.465557 -1.213189 29.361847 -1.535581 -1.120146 29.361847 
-1.294315 -1.412565 29.361845 -1.207484 -1.490158 29.361845 -1.292934 -1.411073 29.196983 
-1.387204 -1.312378 29.196983 -1.385641 -1.311080 29.361845 -1.461600 -1.222817 29.361847 
-1.201725 -1.498829 29.361845 -1.110006 -1.570577 29.361845 -1.200446 -1.497251 29.196983 
-1.300969 -1.404933 29.196983 -1.299494 -1.403535 29.361845 -1.381063 -1.320429 29.361845 
-1.103693 -1.578853 29.361845 -1.007477 -1.644449 29.361845 -1.102519 -1.577195 29.196983 
-1.208865 -1.491649 29.196983 -1.207484 -1.490158 29.361845 -1.294315 -1.412565 29.361845 
-1.000636 -1.652295 29.361845 -0.900337 -1.711458 29.361845 -0.999573 -1.650563 29.196983 
-1.111286 -1.572156 29.196983 -1.110006 -1.570577 29.361845 -1.201725 -1.498829 29.361845 
-0.892996 -1.718839 29.361845 -0.789042 -1.771316 29.361845 -0.892049 -1.717041 29.196983 
-1.008651 -1.646108 29.196983 -1.007477 -1.644449 29.361845 -1.103693 -1.578853 29.361845 
-0.781235 -1.778200 29.361845 -0.674072 -1.823765 29.361845 -0.780408 -1.776345 29.196983 
-0.901399 -1.713190 29.196983 -0.900337 -1.711458 29.361845 -1.000636 -1.652295 29.361845 
-0.665831 -1.830126 29.361845 -0.555917 -1.868584 29.361845 -0.665127 -1.828220 29.196983 
-0.789989 -1.773113 29.196983 -0.789042 -1.771316 29.361845 -0.892996 -1.718839 29.361845 
-0.547278 -1.874391 29.361845 -0.435084 -1.905579 29.361845 -0.546700 -1.872443 29.196983 
-0.674899 -1.825621 29.196983 -0.674072 -1.823765 29.361845 -0.781235 -1.778200 29.361845 
-0.426084 -1.910809 29.361845 -0.312090 -1.934592 29.361845 -0.425634 -1.908827 29.196983 
-0.556621 -1.870490 29.196983 -0.555917 -1.868584 29.361845 -0.665831 -1.830126 29.361845 
-0.302767 -1.939222 29.361845 -0.187461 -1.955498 29.361845 -0.302448 -1.937215 29.196983 
-0.435662 -1.907527 29.196983 -0.435084 -1.905579 29.361845 -0.547278 -1.874391 29.361845 
-0.177856 -1.959509 29.361845 -0.061733 -1.968209 29.361845 -0.177668 -1.957486 29.196983 
-0.312539 -1.936574 29.196983 -0.312090 -1.934592 29.361845 -0.426084 -1.910809 29.361845 
-0.187780 -1.957505 29.196983 -0.187461 -1.955498 29.361845 -0.302767 -1.939222 29.361845 
0.920313 1.695118 29.361845 0.813149 1.740683 29.361845 0.919486 1.693262 29.196983 
-0.061920 -1.970233 29.196983 -0.061733 -1.968209 29.361845 -0.177856 -1.959509 29.361845 
-0.051882 -1.971583 29.361845 0.064562 -1.972670 29.361845 -0.051827 -1.969552 29.196983 
0.074609 -1.975392 29.361845 0.190874 -1.968861 29.361845 0.074530 -1.973362 29.196983 
0.920313 1.695118 29.361845 0.919486 1.693262 29.196983 0.813977 1.742539 29.196983 
-0.051882 -1.971583 29.361845 -0.051827 -1.969552 29.196983 0.064507 -1.974701 29.196983 
0.074609 -1.975392 29.361845 0.074530 -1.973362 29.196983 0.190953 -1.970892 29.196983 
0.201078 -1.970920 29.361845 0.200867 -1.968899 29.196983 0.316878 -1.958820 29.196983 
0.326984 -1.958186 29.361845 0.326641 -1.956183 29.196983 0.441744 -1.938538 29.196983 
0.451787 -1.937245 29.361845 0.451314 -1.935269 29.196983 0.565017 -1.910133 29.196983 
0.574953 -1.908186 29.361845 0.574352 -1.906245 29.196983 0.686168 -1.873726 29.196983 
0.695956 -1.871134 29.361845 0.695229 -1.869236 29.196983 0.804678 -1.829474 29.196983 
0.814275 -1.826247 29.361847 0.813426 -1.824401 29.196983 0.920040 -1.777566 29.196983 
0.929406 -1.773718 29.361847 0.928438 -1.771931 29.196983 1.031761 -1.718223 29.196983 
1.040855 -1.713771 29.361847 1.039772 -1.712052 29.196983 1.139361 -1.651701 29.196983 
1.148144 -1.646663 29.361847 1.146951 -1.645018 29.196983 1.242380 -1.578284 29.196983 
1.250815 -1.572682 29.361847 1.249516 -1.571119 29.196983 1.340376 -1.498286 29.196983 
1.348427 -1.492145 29.361847 1.347029 -1.490671 29.196983 1.432931 -1.412051 29.196983 
1.440563 -1.405396 29.361847 1.439071 -1.404016 29.196983 1.519647 -1.319946 29.196983 
1.526828 -1.312807 29.361847 1.525249 -1.311527 29.196983 1.600154 -1.222367 29.196983 
1.606852 -1.214774 29.361845 1.605193 -1.213600 29.196983 1.674107 -1.119732 29.196983 
1.680294 -1.111717 29.361845 1.678562 -1.110654 29.196983 1.741189 -1.012480 29.196983 
1.746838 -1.004077 29.361845 1.745040 -1.003130 29.196983 1.801112 -0.901070 29.196983 
1.806199 -0.892316 29.361845 1.804343 -0.891488 29.196983 1.853620 -0.785980 29.196983 
1.858124 -0.776911 29.361845 1.856219 -0.776207 29.196983 1.898489 -0.667701 29.196983 
1.902390 -0.658358 29.361847 1.900442 -0.657779 29.196983 1.935526 -0.546742 29.196983 
1.938808 -0.537163 29.361847 1.936826 -0.536713 29.196983 1.964572 -0.423619 29.196983 
1.967221 -0.413846 29.361847 1.965214 -0.413527 29.196983 1.985504 -0.298860 29.196983 
1.987507 -0.288935 29.361847 1.985484 -0.288747 29.196983 1.998231 -0.172999 29.196983 
1.999581 -0.162964 29.361847 1.997550 -0.162909 29.196983 2.002700 -0.046575 29.196983 
2.003390 -0.036473 29.361847 2.001360 -0.036552 29.196983 1.998889 0.079871 29.196983 
1.998918 0.089996 29.361847 1.996897 0.089785 29.196983 1.986818 0.205796 29.196983 
1.986185 0.215902 29.361847 1.984182 0.215559 29.196983 1.966537 0.330663 29.196983 
1.965243 0.340705 29.361845 1.963267 0.340232 29.196983 1.938132 0.453935 29.196983 
1.936184 0.463871 29.361845 1.934243 0.463270 29.196983 1.901725 0.575086 29.196983 
1.899132 0.584874 29.361845 1.897235 0.584146 29.196983 1.857473 0.693596 29.196983 
1.854246 0.703193 29.361845 1.852400 0.702344 29.196983 1.805565 0.808959 29.196983 
1.801717 0.818324 29.361845 1.799930 0.817356 29.196983 1.746222 0.920679 29.196983 
1.741770 0.929774 29.361845 1.740051 0.928690 29.196983 1.679700 1.028280 29.196983 
1.674662 1.037063 29.361845 1.673018 1.035869 29.196983 1.606283 1.131299 29.196983 
1.600681 1.139733 29.361845 1.599118 1.138435 29.196983 1.526285 1.229295 29.196983 
1.520144 1.237346 29.361845 1.518669 1.235948 29.196983 1.440049 1.321850 29.196983 
1.433395 1.329482 29.361845 1.432014 1.327991 29.196983 1.347945 1.408567 29.196983 
1.340805 1.415747 29.361845 1.339525 1.414168 29.196983 1.250365 1.489073 29.196983 
1.242772 1.495771 29.361845 1.241598 1.494113 29.196983 1.147730 1.563026 29.196983 
1.139715 1.569213 29.361845 1.138652 1.567481 29.196983 1.040478 1.630107 29.196983 
1.032075 1.635757 29.361845 1.031128 1.633959 29.196983 0.929068 1.690031 29.196983 
0.804908 1.747043 29.361845 0.804204 1.745137 29.196983 0.695698 1.787408 29.196983 
0.686355 1.791309 29.361845 0.685776 1.789361 29.196983 0.574739 1.824445 29.196983 
0.565160 1.827727 29.361845 0.564710 1.825745 29.196983 0.451616 1.853491 29.196983 
0.441842 1.856139 29.361845 0.441523 1.854132 29.196983 0.326856 1.874422 29.196983 
0.316931 1.876426 29.361845 0.316744 1.874403 29.196983 0.200995 1.887149 29.196983 
0.190960 1.888499 29.361845 0.190905 1.886468 29.196983 0.074571 1.891618 29.196983 
0.064469 1.892308 29.361845 0.064547 1.890278 29.196983 -0.051875 1.887807 29.196983 
-0.062000 1.887836 29.361845 -0.061789 1.885815 29.196983 -0.177800 1.875735 29.196983 
-0.187906 1.875102 29.361845 -0.187563 1.873099 29.196983 -0.302667 1.855453 29.196983 
-0.312710 1.854160 29.361845 -0.312236 1.852184 29.196983 -0.425940 1.827048 29.196983 
-0.435876 1.825101 29.361845 -0.435275 1.823160 29.196983 -0.547091 1.790642 29.196983 
-0.556878 1.788048 29.361845 -0.556152 1.786151 29.196983 -0.665601 1.746389 29.196983 
-0.675199 1.743161 29.361845 -0.674349 1.741316 29.196983 -0.780964 1.694480 29.196983 
-0.790329 1.690632 29.361845 -0.789361 1.688846 29.196983 -0.892684 1.635137 29.196983 
-0.901778 1.630684 29.361845 -0.900695 1.628965 29.196983 -1.000284 1.568615 29.196983 
-1.009067 1.563577 29.361845 -1.007874 1.561932 29.196983 -1.103303 1.495197 29.196983 
-1.111738 1.489596 29.361845 -1.110440 1.488033 29.196983 -1.201300 1.415199 29.196983 
-1.209350 1.409058 29.361845 -1.207952 1.407583 29.196983 -1.293854 1.328963 29.196983 
-1.301486 1.322309 29.361845 -1.299994 1.320929 29.196983 -1.380570 1.236859 29.196983 
-1.387750 1.229719 29.361845 -1.386172 1.228439 29.196983 -1.461077 1.139279 29.196983 
-1.467774 1.131686 29.361845 -1.466116 1.130512 29.196983 -1.535029 1.036644 29.196983 
-1.541215 1.028629 29.361845 -1.539483 1.027566 29.196983 -1.602110 0.929392 29.196983 
-1.607759 0.920990 29.361845 -1.605961 0.920043 29.196983 -1.662033 0.817982 29.196983 
-1.667120 0.809228 29.361845 -1.665264 0.808401 29.196983 -1.714541 0.702892 29.196983 
-1.719045 0.693824 29.361845 -1.717139 0.693119 29.196983 -1.759410 0.584614 29.196983 
-1.763311 0.575271 29.361845 -1.761363 0.574692 29.196983 -1.796446 0.463654 29.196983 
-1.799728 0.454076 29.361845 -1.797746 0.453626 29.196983 -1.825492 0.340532 29.196983 
-1.828140 0.330759 29.361845 -1.826133 0.330440 29.196983 -1.846424 0.215773 29.196983 
-1.848427 0.205848 29.361845 -1.846404 0.205661 29.196983 -1.859150 0.089912 29.196983 
-1.860501 0.079877 29.361845 -1.858469 0.079823 29.196983 -1.863618 -0.036512 29.196983 
-1.864309 -0.046613 29.361845 -1.862279 -0.046535 29.196983 -1.859808 -0.162957 29.196983 
-1.859837 -0.173082 29.361845 -1.857816 -0.172871 29.196983 -1.847737 -0.288882 29.196983 
-1.847103 -0.298987 29.361845 -1.845101 -0.298644 29.196983 -1.827455 -0.413748 29.196983 
-1.826162 -0.423791 29.361847 -1.824186 -0.423317 29.196983 -1.799050 -0.537021 29.196983 
-1.797103 -0.546957 29.361847 -1.795162 -0.546355 29.196983 -1.762643 -0.658171 29.196983 
-1.760051 -0.667959 29.361847 -1.758153 -0.667232 29.196983 -1.718391 -0.776681 29.196983 
-1.715164 -0.786278 29.361847 -1.713318 -0.785428 29.196983 -1.666483 -0.892043 29.196983 
-1.662635 -0.901408 29.361847 -1.660848 -0.900440 29.196983 -1.607140 -1.003763 29.196983 
-1.602688 -1.012857 29.361847 -1.600969 -1.011774 29.196983 -1.540618 -1.111363 29.196983 
-1.535581 -1.120146 29.361847 -1.533936 -1.118953 29.196983 -1.467202 -1.214382 29.196983 
-1.461600 -1.222817 29.361847 -1.460037 -1.221518 29.196983 -1.387204 -1.312378 29.196983 
-1.381063 -1.320429 29.361845 -1.379589 -1.319031 29.196983 -1.300969 -1.404933 29.196983 
-1.294315 -1.412565 29.361845 -1.292934 -1.411073 29.196983 -1.208865 -1.491649 29.196983 
-1.201725 -1.498829 29.361845 -1.200446 -1.497251 29.196983 -1.111286 -1.572156 29.196983 
-1.103693 -1.578853 29.361845 -1.102519 -1.577195 29.196983 -1.008651 -1.646108 29.196983 
-1.000636 -1.652295 29.361845 -0.999573 -1.650563 29.196983 -0.901399 -1.713190 29.196983 
-0.892996 -1.718839 29.361845 -0.892049 -1.717041 29.196983 -0.789989 -1.773113 29.196983 
-0.781235 -1.778200 29.361845 -0.780408 -1.776345 29.196983 -0.674899 -1.825621 29.196983 
-0.665831 -1.830126 29.361845 -0.665127 -1.828220 29.196983 -0.556621 -1.870490 29.196983 
-0.547278 -1.874391 29.361845 -0.546700 -1.872443 29.196983 -0.435662 -1.907527 29.196983 
-0.426084 -1.910809 29.361845 -0.425634 -1.908827 29.196983 -0.312539 -1.936574 29.196983 
-0.302767 -1.939222 29.361845 -0.302448 -1.937215 29.196983 -0.187780 -1.957505 29.196983 
-0.177856 -1.959509 29.361845 -0.177668 -1.957486 29.196983 -0.061920 -1.970233 29.196983 
