0.750345 0.579301 0.858009 0.750918 0.582994 0.382420 0.750345 0.579300 1.485626 
0.750345 0.579300 1.485626 0.750918 0.582994 0.382420 0.750216 0.579226 2.208990 
0.848106 0.180192 1.555363 0.750216 0.579226 2.208990 0.848106 0.180192 2.392185 
0.750216 0.579226 2.208990 0.750918 0.582994 0.382420 0.750611 0.579454 2.810596 
0.848106 0.180192 2.392185 0.750611 0.579454 2.810596 0.848162 0.180225 3.229010 
0.750611 0.579454 2.810596 0.750918 0.582994 0.382420 0.750037 0.579123 3.298744 
0.750037 0.579123 3.298744 0.750918 0.582994 0.382420 0.750344 0.579300 3.833382 
0.849222 0.177762 4.135567 0.750344 0.579300 3.833382 0.750555 0.579422 4.414507 
0.750344 0.579300 3.833382 0.750918 0.582994 0.382420 0.750555 0.579422 4.414507 
0.750037 0.579123 4.972391 0.848106 0.180193 4.972389 0.750555 0.579422 4.414507 
0.849222 0.177762 4.135567 0.750555 0.579422 4.414507 0.848106 0.180193 4.972389 
0.750555 0.579422 4.414507 0.750918 0.582994 0.382420 0.750037 0.579123 4.972391 
0.750037 0.579123 4.972391 0.750918 0.582994 0.382420 0.750518 0.579401 5.600008 
0.848106 0.180193 4.972389 0.750518 0.579401 5.600008 0.848244 0.180272 5.660048 
0.750518 0.579401 5.600008 0.750918 0.582994 0.382420 0.749900 0.579044 6.157890 
0.746345 0.576991 6.436831 0.847896 0.180071 6.213060 0.751678 0.580070 6.436831 
0.847896 0.180071 6.213060 0.749900 0.579044 6.157890 0.751678 0.580070 6.436831 
0.749900 0.579044 6.157890 0.750918 0.582994 0.382420 0.751678 0.580070 6.436831 
0.847896 0.180071 6.213060 0.746345 0.576991 6.436831 0.848173 0.180232 6.785507 
0.848173 0.180232 6.785507 0.746345 0.576991 6.576302 0.751678 0.580070 6.646036 
0.751678 0.580070 6.436831 0.750918 0.582994 0.382420 0.751678 0.580070 6.646036 
0.848173 0.180232 6.785507 0.746345 0.576992 6.715773 0.751678 0.580070 6.785507 
0.751678 0.580070 6.646036 0.750918 0.582994 0.382420 0.751678 0.580070 6.785507 
0.848173 0.180232 6.785507 0.746345 0.576991 6.855242 0.751678 0.580070 6.924976 
0.751678 0.580070 6.785507 0.750918 0.582994 0.382420 0.751678 0.580070 6.924976 
0.751678 0.580070 6.924976 0.750918 0.582994 0.382420 0.751678 0.580070 7.134184 
0.746345 0.576992 7.273655 0.849709 0.177902 7.482859 0.751678 0.580070 7.134184 
0.849709 0.177902 7.482859 0.746345 0.576992 7.134184 0.751678 0.580070 7.134184 
0.849709 0.177902 7.482859 0.746345 0.576992 7.273655 0.751678 0.580070 7.343390 
0.751678 0.580070 7.134184 0.750918 0.582994 0.382420 0.751678 0.580070 7.343390 
0.746345 0.576992 7.552595 0.849709 0.177902 7.482859 0.751678 0.580070 7.482859 
0.849709 0.177902 7.482859 0.746345 0.576992 7.413124 0.751678 0.580070 7.482859 
0.751678 0.580070 7.343390 0.750918 0.582994 0.382420 0.751678 0.580070 7.482859 
0.751678 0.580070 7.482859 0.750918 0.582994 0.382420 0.751678 0.580070 7.622332 
0.751678 0.580070 7.622332 0.750918 0.582994 0.382420 0.751678 0.580070 7.831535 
0.746345 0.576992 8.110477 0.848106 0.180193 7.971008 0.751678 0.580070 8.110477 
0.848106 0.180193 7.971008 0.746345 0.576992 7.971008 0.751678 0.580070 8.110477 
0.751678 0.580070 7.831535 0.750918 0.582994 0.382420 0.751678 0.580070 8.110477 
0.847946 0.180100 8.249949 0.746345 0.576992 8.110477 0.751678 0.580070 8.110477 
0.746345 0.576992 8.389418 0.847946 0.180100 8.249949 0.751678 0.580070 8.389418 
0.847946 0.180100 8.249949 0.746345 0.576992 8.249947 0.751678 0.580070 8.389418 
0.751678 0.580070 8.110477 0.750918 0.582994 0.382420 0.751678 0.580070 8.389418 
0.848174 0.180232 8.738096 0.746345 0.576992 8.389418 0.751678 0.580070 8.389418 
0.847946 0.180100 8.249949 0.746345 0.576992 8.389418 0.848174 0.180232 8.738096 
0.848174 0.180232 8.738096 0.746345 0.576992 8.528891 0.751678 0.580070 8.598623 
0.751678 0.580070 8.389418 0.750918 0.582994 0.382420 0.751678 0.580070 8.598623 
0.751678 0.580070 8.598623 0.750918 0.582994 0.382420 0.751678 0.580070 8.738096 
0.746345 0.576992 8.947302 0.848174 0.180232 8.738096 0.751678 0.580070 8.877565 
0.848174 0.180232 8.738096 0.746345 0.576992 8.807831 0.751678 0.580070 8.877565 
0.751678 0.580070 8.738096 0.750918 0.582994 0.382420 0.751678 0.580070 8.877565 
0.848174 0.180232 8.738096 0.746345 0.576992 8.947302 0.751678 0.580070 9.086771 
0.751678 0.580070 8.877565 0.750918 0.582994 0.382420 0.751678 0.580070 9.086771 
0.848024 0.180146 9.365713 0.746345 0.576992 9.086773 0.751678 0.580070 9.086771 
0.848024 0.180146 9.365713 0.746345 0.576992 9.226242 0.751678 0.580070 9.295979 
0.751678 0.580070 9.086771 0.750918 0.582994 0.382420 0.751678 0.580070 9.295979 
0.848024 0.180146 9.365713 0.746345 0.576992 9.365713 0.751678 0.580070 9.435448 
0.751678 0.580070 9.295979 0.750918 0.582994 0.382420 0.751678 0.580070 9.435448 
0.746345 0.576992 9.644655 0.848024 0.180146 9.365713 0.751678 0.580070 9.644655 
0.848024 0.180146 9.365713 0.746345 0.576992 9.505184 0.751678 0.580070 9.644655 
0.751678 0.580070 9.435448 0.750918 0.582994 0.382420 0.751678 0.580070 9.644655 
0.848106 0.180193 9.993330 0.746345 0.576992 9.644655 0.751678 0.580070 9.644655 
0.848024 0.180146 9.365713 0.746345 0.576992 9.644655 0.848106 0.180193 9.993330 
0.751678 0.580070 9.644655 0.750918 0.582994 0.382420 0.751678 0.580070 9.853861 
0.751678 0.580070 9.853861 0.750918 0.582994 0.382420 0.751678 0.580070 9.993330 
0.848106 0.180193 9.993330 0.746345 0.576992 10.063066 0.751678 0.580070 10.132801 
0.751678 0.580070 9.993330 0.750918 0.582994 0.382420 0.751678 0.580070 10.132801 
0.746345 0.576992 10.342007 0.848106 0.180193 9.993330 0.751678 0.580070 10.342007 
0.848106 0.180193 9.993330 0.746345 0.576992 10.202538 0.751678 0.580070 10.342007 
0.751678 0.580070 10.132801 0.750918 0.582994 0.382420 0.751678 0.580070 10.342007 
0.848106 0.180193 10.690683 0.746345 0.576992 10.342007 0.751678 0.580070 10.342007 
0.848106 0.180193 9.993330 0.746345 0.576992 10.342007 0.848106 0.180193 10.690683 
0.751678 0.580070 10.342007 0.750918 0.582994 0.382420 0.751678 0.580070 10.551212 
0.751678 0.580070 10.551212 0.750918 0.582994 0.382420 0.751678 0.580070 10.690683 
0.746345 0.576992 10.899890 0.848106 0.180193 10.690683 0.751678 0.580070 10.830154 
0.751678 0.580070 10.690683 0.750918 0.582994 0.382420 0.751678 0.580070 10.830154 
0.848106 0.180193 10.690683 0.746345 0.576992 10.899890 0.751678 0.580071 11.039360 
0.751678 0.580070 10.830154 0.750918 0.582994 0.382420 0.751678 0.580071 11.039360 
0.746345 0.576992 11.178830 0.849587 0.177866 11.388037 0.751678 0.580071 11.039360 
0.848106 0.180193 10.690683 0.746345 0.576992 11.039360 0.849587 0.177866 11.388037 
0.751678 0.580071 11.039360 0.750918 0.582994 0.382420 0.751678 0.580070 11.248566 
0.746345 0.576992 11.457771 0.849587 0.177866 11.388037 0.751678 0.580070 11.388037 
0.751678 0.580070 11.248566 0.750918 0.582994 0.382420 0.751678 0.580070 11.388037 
0.849587 0.177866 11.388037 0.746345 0.576992 11.457771 0.751678 0.580070 11.527507 
0.751678 0.580070 11.388037 0.750918 0.582994 0.382420 0.751678 0.580070 11.527507 
0.751678 0.580070 11.527507 0.750918 0.582994 0.382420 0.751678 0.580070 11.736712 
0.847946 0.180100 11.876184 0.746345 0.576992 11.736712 0.751678 0.580070 11.736712 
0.847946 0.180100 11.876184 0.746345 0.576992 11.876184 0.751678 0.580070 12.015654 
0.751678 0.580070 11.736712 0.750918 0.582994 0.382420 0.751678 0.580070 12.015654 
0.848280 0.180293 12.155125 0.746345 0.576992 12.015654 0.751678 0.580070 12.015654 
0.847946 0.180100 11.876184 0.746345 0.576992 12.015654 0.848280 0.180293 12.155125 
0.848280 0.180293 12.155125 0.746345 0.576992 12.155125 0.751678 0.580070 12.294595 
0.751678 0.580070 12.015654 0.750918 0.582994 0.382420 0.751678 0.580070 12.294595 
0.848174 0.180232 12.633575 0.746345 0.576992 12.434066 0.751678 0.580071 12.503800 
0.751678 0.580070 12.294595 0.750918 0.582994 0.382420 0.751678 0.580071 12.503800 
0.751678 0.580071 12.503800 0.750918 0.582994 0.382420 0.751678 0.580071 12.643271 
0.751678 0.580071 12.643271 0.750819 0.582950 17.106329 0.749900 0.579044 12.852477 
0.749900 0.579044 12.852477 0.750819 0.582950 17.106329 0.750413 0.579340 13.360708 
0.847895 0.180071 13.186590 0.750413 0.579340 13.360708 0.848162 0.180225 13.828771 
0.848162 0.180225 13.828771 0.750413 0.579340 13.360708 0.750345 0.579301 14.037978 
0.750413 0.579340 13.360708 0.750819 0.582950 17.106329 0.750345 0.579301 14.037978 
0.848106 0.180193 14.456388 0.750345 0.579301 14.037978 0.750345 0.579301 14.665595 
0.750345 0.579301 14.037978 0.750819 0.582950 17.106329 0.750345 0.579301 14.665595 
0.750345 0.579301 14.665595 0.750819 0.582950 17.106329 0.750344 0.579301 15.432683 
0.750344 0.579301 15.432683 0.750819 0.582950 17.106329 0.750345 0.579301 16.269506 
0.750345 0.579301 18.012888 0.750819 0.582950 17.106329 0.750459 0.579367 18.829071 
0.750459 0.579367 18.829071 0.750819 0.582950 17.106329 0.750345 0.579301 19.430840 
0.750345 0.579301 19.430840 0.750819 0.582950 17.106329 0.750216 0.579227 20.009199 
0.750216 0.579227 20.009199 0.750819 0.582950 17.106329 0.750238 0.579239 20.620766 
0.750238 0.579239 20.620766 0.750819 0.582950 17.106329 0.750557 0.579424 21.150976 
0.750557 0.579424 21.150976 0.750819 0.582950 17.106329 0.750110 0.579166 21.778593 
0.750110 0.579166 21.778593 0.750819 0.582950 17.106329 0.750346 0.579302 22.522436 
0.750346 0.579302 22.522436 0.750113 0.582692 28.533445 0.750346 0.579302 23.150053 
0.849373 0.177803 23.382504 0.750346 0.579302 23.150053 0.750344 0.579301 23.638201 
0.750346 0.579302 23.150053 0.750113 0.582692 28.533445 0.750344 0.579301 23.638201 
0.750344 0.579301 23.638201 0.750113 0.582692 28.533445 0.750344 0.579301 24.196083 
0.750344 0.579301 24.196083 0.750113 0.582692 28.533445 0.750430 0.579350 24.726696 
0.750430 0.579350 24.726696 0.750113 0.582692 28.533445 0.750345 0.579302 25.335093 
0.750345 0.579302 25.335093 0.750113 0.582692 28.533445 0.750326 0.579290 26.102182 
0.750457 0.579367 26.987711 0.750113 0.582692 28.533445 0.750216 0.579227 27.819553 
0.849837 0.177924 0.382420 0.848106 0.180193 0.858009 0.848106 0.180192 1.555363 
0.849837 0.177924 0.382420 0.848106 0.180192 1.555363 0.848106 0.180192 2.392185 
0.750344 0.579300 3.833382 0.849222 0.177762 4.135567 0.848162 0.180225 3.229010 
0.849709 0.177902 7.482859 0.848106 0.180193 4.972389 0.848244 0.180272 5.660048 
0.849709 0.177902 7.482859 0.848244 0.180272 5.660048 0.847896 0.180071 6.213060 
0.849709 0.177902 7.482859 0.847896 0.180071 6.213060 0.848173 0.180232 6.785507 
0.746345 0.576992 7.134184 0.849709 0.177902 7.482859 0.848173 0.180232 6.785507 
0.746345 0.576992 7.831537 0.848106 0.180193 7.971008 0.849709 0.177902 7.482859 
0.746345 0.576992 8.110477 0.847946 0.180100 8.249949 0.848106 0.180193 7.971008 
0.849709 0.177902 7.482859 0.848106 0.180193 7.971008 0.847946 0.180100 8.249949 
0.849709 0.177902 7.482859 0.847946 0.180100 8.249949 0.848174 0.180232 8.738096 
0.746345 0.576992 9.086773 0.848024 0.180146 9.365713 0.848174 0.180232 8.738096 
0.849709 0.177902 7.482859 0.848174 0.180232 8.738096 0.848024 0.180146 9.365713 
0.849709 0.177902 7.482859 0.848024 0.180146 9.365713 0.848106 0.180193 9.993330 
0.849587 0.177866 11.388037 0.848106 0.180193 9.993330 0.848106 0.180193 10.690683 
0.746345 0.576992 11.736712 0.847946 0.180100 11.876184 0.849587 0.177866 11.388037 
0.849587 0.177866 11.388037 0.847946 0.180100 11.876184 0.848280 0.180293 12.155125 
0.746345 0.576992 12.294595 0.848174 0.180232 12.633575 0.848280 0.180293 12.155125 
0.849587 0.177866 11.388037 0.848280 0.180293 12.155125 0.848174 0.180232 12.633575 
0.848174 0.180232 12.633575 0.749900 0.579044 12.852477 0.847895 0.180071 13.186590 
0.849798 0.177930 15.641888 0.847895 0.180071 13.186590 0.848162 0.180225 13.828771 
0.849798 0.177930 15.641888 0.848162 0.180225 13.828771 0.848106 0.180193 14.456388 
0.750345 0.579301 14.665595 0.848106 0.180193 15.014270 0.848106 0.180193 14.456388 
0.849798 0.177930 15.641888 0.848106 0.180193 14.456388 0.848106 0.180193 15.014270 
0.750344 0.579301 15.432683 0.849798 0.177930 15.641888 0.848106 0.180193 15.014270 
0.849798 0.177930 15.641888 0.848106 0.180193 16.269505 0.848106 0.180193 16.827387 
0.849798 0.177930 15.641888 0.848106 0.180193 16.827387 0.848106 0.180193 17.455004 
0.849798 0.177930 15.641888 0.848106 0.180193 17.455004 0.848106 0.180193 18.152357 
0.849819 0.177936 20.174681 0.848106 0.180193 18.152357 0.848106 0.180193 18.849710 
0.750345 0.579301 19.430840 0.848106 0.180193 19.616798 0.848106 0.180193 18.849710 
0.849819 0.177936 20.174681 0.848106 0.180193 18.849710 0.848106 0.180193 19.616798 
0.750216 0.579227 20.009199 0.849819 0.177936 20.174681 0.848106 0.180193 19.616798 
0.750557 0.579424 21.150976 0.848105 0.180193 21.708857 0.848106 0.180193 20.802298 
0.849819 0.177936 20.174681 0.848106 0.180193 20.802298 0.848105 0.180193 21.708857 
0.750346 0.579302 22.522436 0.848107 0.180194 22.545679 0.848105 0.180193 21.708857 
0.849373 0.177803 23.382504 0.848105 0.180193 21.708857 0.848107 0.180194 22.545679 
0.750346 0.579302 22.522436 0.849373 0.177803 23.382504 0.848107 0.180194 22.545679 
0.750344 0.579301 23.638201 0.848106 0.180193 24.358797 0.849373 0.177803 23.382504 
0.750430 0.579350 24.726696 0.848107 0.180194 25.195621 0.848106 0.180193 24.358797 
0.849373 0.177803 23.382504 0.848106 0.180193 24.358797 0.848107 0.180194 25.195621 
0.750345 0.579302 25.335093 0.848106 0.180193 25.753504 0.848107 0.180194 25.195621 
0.847381 0.177235 28.533443 0.848107 0.180194 25.195621 0.848106 0.180193 25.753504 
0.750326 0.579290 26.102182 0.848106 0.180193 26.381123 0.848106 0.180193 25.753504 
0.847381 0.177235 28.533443 0.848106 0.180193 25.753504 0.848106 0.180193 26.381123 
0.750457 0.579367 26.987711 0.848106 0.180194 27.078476 0.848106 0.180193 26.381123 
0.847381 0.177235 28.533443 0.848106 0.180193 26.381123 0.848106 0.180194 27.078476 
0.750457 0.579367 26.987711 0.848106 0.180194 27.775829 0.848106 0.180194 27.078476 
0.847381 0.177235 28.533443 0.848106 0.180194 27.078476 0.848106 0.180194 27.775829 
0.266804 -0.941558 0.858015 0.269774 -0.943816 0.382425 0.266804 -0.941409 1.511644 
-0.127714 -0.826668 1.136963 0.266804 -0.941409 1.511644 -0.127714 -0.826668 1.904051 
0.266804 -0.941409 1.511644 0.269774 -0.943816 0.382425 0.266804 -0.941558 2.090006 
0.266804 -0.941558 2.090006 0.269788 -0.943805 4.484251 0.266804 -0.941558 2.578152 
-0.127714 -0.826668 1.904051 0.266804 -0.941558 2.578152 -0.127714 -0.826668 2.740875 
0.266804 -0.941558 2.578152 0.269788 -0.943805 4.484251 0.266804 -0.941690 3.249657 
0.266804 -0.941690 3.249657 0.269788 -0.943805 4.484251 0.266804 -0.941558 3.926369 
-0.130160 -0.826728 4.205315 0.269788 -0.943805 4.484251 -0.127714 -0.826667 4.902668 
-0.127714 -0.826667 4.902668 0.266804 -0.941558 5.181602 -0.127714 -0.826667 5.530285 
0.266804 -0.941558 5.181602 0.269788 -0.943805 4.484251 0.266804 -0.941558 5.878956 
0.266804 -0.941558 5.878956 0.269788 -0.943805 4.484251 0.266804 -0.941315 6.394773 
-0.127714 -0.826667 6.367109 0.266804 -0.941315 6.394773 0.266804 -0.941558 6.971476 
0.266804 -0.941315 6.394773 0.269788 -0.943805 4.484251 0.266804 -0.941558 6.971476 
-0.127714 -0.826667 6.367109 0.266804 -0.941558 6.971476 -0.127714 -0.826667 7.203932 
-0.127714 -0.826667 7.203932 0.266804 -0.941558 6.971476 0.266804 -0.941558 7.599092 
0.266804 -0.941558 6.971476 0.269813 -0.943762 8.807837 0.266804 -0.941558 7.599092 
-0.127714 -0.826667 7.203932 0.266804 -0.941558 7.599092 -0.130328 -0.826968 7.831551 
0.266804 -0.941558 7.599092 0.269813 -0.943762 8.807837 0.266804 -0.941758 8.129705 
-0.127714 -0.826667 8.389431 0.269813 -0.943762 8.807837 -0.127714 -0.826667 9.156521 
-0.127714 -0.826667 9.156521 0.266804 -0.941558 9.574924 -0.127714 -0.826667 9.923607 
0.266804 -0.941558 9.574924 0.269813 -0.943762 8.807837 0.266804 -0.941558 10.272278 
-0.127714 -0.826667 9.923607 0.266804 -0.941558 10.272278 -0.127714 -0.826667 10.551224 
0.266804 -0.941558 10.272278 0.269813 -0.943762 8.807837 0.266804 -0.941558 10.969631 
-0.127714 -0.826667 10.551224 0.266804 -0.941558 10.969631 -0.130030 -0.826562 11.388047 
0.266804 -0.941558 10.969631 0.269813 -0.943762 8.807837 0.266804 -0.941433 11.762293 
-0.127714 -0.826667 12.294606 0.266804 -0.941433 11.762293 0.266804 -0.941557 12.480562 
0.266804 -0.941433 11.762293 0.269791 -0.943797 14.456395 0.266804 -0.941557 12.480562 
-0.130116 -0.826668 13.131430 0.266804 -0.941557 12.480562 0.266804 -0.941670 13.222191 
0.266804 -0.941557 12.480562 0.269791 -0.943797 14.456395 0.266804 -0.941670 13.222191 
0.266804 -0.941670 13.222191 0.269791 -0.943797 14.456395 0.266804 -0.941557 13.898513 
-0.127714 -0.826667 13.898518 0.269791 -0.943797 14.456395 -0.127714 -0.826667 14.456400 
0.266804 -0.941557 15.084012 0.269791 -0.943797 14.456395 0.266804 -0.941557 15.641894 
0.266804 -0.941557 15.641894 0.269791 -0.943797 14.456395 0.266804 -0.941539 16.408983 
-0.130168 -0.826734 15.851106 0.266804 -0.941539 16.408983 -0.127714 -0.826667 16.827400 
-0.127714 -0.826667 16.827400 0.266804 -0.941406 17.202721 -0.127714 -0.826667 17.664223 
-0.127714 -0.826667 17.664223 0.266804 -0.941406 17.202721 0.266804 -0.941689 17.894066 
0.266804 -0.941406 17.202721 0.269814 -0.943764 19.128658 0.266804 -0.941689 17.894066 
-0.127714 -0.826667 17.664223 0.266804 -0.941689 17.894066 -0.127714 -0.826667 18.501047 
0.266804 -0.941689 17.894066 0.269814 -0.943764 19.128658 0.266804 -0.941557 18.570776 
-0.127714 -0.826667 18.501047 0.269814 -0.943764 19.128658 -0.130174 -0.826756 19.268135 
0.266804 -0.941557 19.826012 0.269814 -0.943764 19.128658 0.266804 -0.941372 20.550014 
0.266804 -0.941372 20.550014 0.269808 -0.943768 22.894363 0.266804 -0.941557 21.127737 
-0.127714 -0.826667 21.150988 0.266804 -0.941557 21.127737 0.266804 -0.941758 21.658350 
0.266804 -0.941557 21.127737 0.269808 -0.943768 22.894363 0.266804 -0.941758 21.658350 
0.266804 -0.941758 21.658350 0.269808 -0.943768 22.894363 0.266804 -0.941557 22.197012 
0.266804 -0.941557 23.661451 0.269808 -0.943768 22.894363 0.266804 -0.941557 24.428539 
0.266804 -0.941557 24.428539 0.269808 -0.943768 22.894363 0.266804 -0.941557 25.125893 
0.266804 -0.941557 25.125893 0.269808 -0.943768 22.894363 0.266804 -0.941408 25.779524 
0.266804 -0.941408 25.779524 0.270341 -0.942892 28.522497 0.266804 -0.941557 26.427622 
0.266804 -0.941557 26.427622 0.270341 -0.942892 28.522497 0.266804 -0.941557 27.124973 
0.266804 -0.941557 27.124973 0.270341 -0.942892 28.522497 0.266804 -0.941758 27.795057 
-0.130266 -0.826854 0.415768 0.266804 -0.941558 0.858015 -0.127714 -0.826668 1.136963 
-0.130266 -0.826854 0.415768 -0.127714 -0.826668 1.136963 -0.127714 -0.826668 1.904051 
-0.130266 -0.826854 0.415768 -0.127714 -0.826668 1.904051 -0.127714 -0.826668 2.740875 
-0.127714 -0.826668 2.740875 0.266804 -0.941690 3.249657 -0.127714 -0.826668 3.438227 
-0.130160 -0.826728 4.205315 -0.127714 -0.826668 2.740875 -0.127714 -0.826668 3.438227 
-0.127714 -0.826668 3.438227 0.266804 -0.941558 3.926369 -0.130160 -0.826728 4.205315 
-0.130160 -0.826728 4.205315 -0.127714 -0.826667 4.902668 -0.127714 -0.826667 5.530285 
-0.127714 -0.826667 5.530285 0.266804 -0.941558 5.878956 -0.127714 -0.826667 6.367109 
-0.130328 -0.826968 7.831551 -0.127714 -0.826667 6.367109 -0.127714 -0.826667 7.203932 
-0.130328 -0.826968 7.831551 0.266804 -0.941758 8.129705 -0.127714 -0.826667 8.389431 
-0.130328 -0.826968 7.831551 -0.127714 -0.826667 8.389431 -0.127714 -0.826667 9.156521 
-0.130328 -0.826968 7.831551 -0.127714 -0.826667 9.156521 -0.127714 -0.826667 9.923607 
-0.130030 -0.826562 11.388047 -0.127714 -0.826667 9.923607 -0.127714 -0.826667 10.551224 
-0.130030 -0.826562 11.388047 0.266804 -0.941433 11.762293 -0.127714 -0.826667 12.294606 
-0.127714 -0.826667 12.294606 0.266804 -0.941557 12.480562 -0.130116 -0.826668 13.131430 
-0.130116 -0.826668 13.131430 0.266804 -0.941670 13.222191 -0.127714 -0.826667 13.898518 
-0.130116 -0.826668 13.131430 -0.127714 -0.826667 13.898518 -0.127714 -0.826667 14.456400 
-0.127714 -0.826667 14.456400 0.269791 -0.943797 14.456395 -0.127714 -0.826667 15.014282 
-0.130168 -0.826734 15.851106 -0.127714 -0.826667 14.456400 -0.127714 -0.826667 15.014282 
-0.130168 -0.826734 15.851106 -0.127714 -0.826667 16.827400 -0.127714 -0.826667 17.664223 
-0.130174 -0.826756 19.268135 0.266804 -0.941557 19.826012 -0.127714 -0.826667 19.895752 
-0.130294 -0.826920 21.778605 -0.127714 -0.826667 19.895752 -0.127714 -0.826667 20.523369 
-0.127714 -0.826667 20.523369 0.266804 -0.941372 20.550014 -0.127714 -0.826667 21.150988 
-0.130294 -0.826920 21.778605 -0.127714 -0.826667 20.523369 -0.127714 -0.826667 21.150988 
-0.127714 -0.826667 21.150988 0.266804 -0.941758 21.658350 -0.130294 -0.826920 21.778605 
-0.130294 -0.826920 21.778605 0.266804 -0.941557 22.197012 -0.127714 -0.826667 22.336487 
-0.127714 -0.826667 22.336487 0.269808 -0.943768 22.894363 -0.127714 -0.826667 22.964104 
-0.130294 -0.826920 21.778605 -0.127714 -0.826667 22.336487 -0.127714 -0.826667 22.964104 
-0.130294 -0.826920 21.778605 -0.127714 -0.826667 22.964104 -0.127714 -0.826667 23.521986 
-0.127714 -0.826667 23.521986 0.266804 -0.941557 23.661451 -0.127714 -0.826667 24.219339 
-0.130191 -0.826779 25.056162 -0.127714 -0.826667 23.521986 -0.127714 -0.826667 24.219339 
-0.127714 -0.826667 24.219339 0.266804 -0.941557 24.428539 -0.130191 -0.826779 25.056162 
-0.127714 -0.826826 25.743820 0.266804 -0.941408 25.779524 -0.127714 -0.826311 26.311401 
-0.127714 -0.826311 26.311401 -0.130191 -0.826779 25.056162 -0.127714 -0.826826 25.743820 
0.266804 -0.941557 26.427622 -0.127714 -0.826974 26.799547 -0.127714 -0.826311 26.311401 
-0.127714 -0.826974 26.799547 -0.128658 -0.824618 28.541082 -0.127714 -0.826311 26.311401 
-0.127714 -0.826974 26.799547 0.266804 -0.941557 27.124973 -0.127714 -0.826667 27.334185 
-0.127714 -0.826667 27.334185 -0.128658 -0.824618 28.541082 -0.127714 -0.826974 26.799547 
-0.127714 -0.826667 27.334185 0.266804 -0.941758 27.795057 -0.127714 -0.826518 27.971622 
-0.127714 -0.826518 27.971622 -0.128658 -0.824618 28.541082 -0.127714 -0.826667 27.334185 
-0.127714 -0.826518 27.971622 0.270341 -0.942892 28.522497 -0.128658 -0.824618 28.541082 
-0.808612 0.237678 0.858019 -0.811743 0.236146 0.382429 -0.808527 0.237629 1.555372 
-0.808527 0.237629 1.555372 -0.811743 0.236146 0.382429 -0.808595 0.237669 2.302376 
-0.808595 0.237669 2.302376 -0.811917 0.236247 6.785517 -0.808527 0.237629 2.843756 
-0.808527 0.237629 2.843756 -0.811917 0.236247 6.785517 -0.808527 0.237629 3.404482 
-0.511855 0.521896 2.969297 -0.808527 0.237629 3.404482 -0.511856 0.521896 3.507959 
-0.808527 0.237629 3.404482 -0.811917 0.236247 6.785517 -0.808220 0.237452 3.982929 
-0.808220 0.237452 3.982929 -0.811917 0.236247 6.785517 -0.808665 0.237709 4.563684 
-0.808665 0.237709 4.563684 -0.811917 0.236247 6.785517 -0.808480 0.237602 5.390812 
-0.511716 0.521816 4.763195 -0.808480 0.237602 5.390812 -0.511770 0.521847 5.600018 
-0.808480 0.237602 5.390812 -0.811917 0.236247 6.785517 -0.808595 0.237669 6.227634 
-0.511770 0.521847 5.600018 -0.808595 0.237669 6.227634 -0.511838 0.521887 6.367105 
-0.808613 0.237679 7.273664 -0.811917 0.236247 6.785517 -0.808446 0.237582 7.831547 
-0.808446 0.237582 7.831547 -0.811917 0.236247 6.785517 -0.808527 0.237630 8.459164 
-0.511705 0.521810 8.319693 -0.808527 0.237630 8.459164 -0.511705 0.521810 9.043058 
-0.808527 0.237630 8.459164 -0.811917 0.236247 6.785517 -0.808642 0.237696 9.017046 
-0.808642 0.237696 9.017046 -0.811917 0.236247 6.785517 -0.808367 0.237537 9.519051 
-0.511705 0.521810 9.043058 -0.808367 0.237537 9.519051 -0.511908 0.521927 9.734484 
-0.808367 0.237537 9.519051 -0.811917 0.236247 6.785517 -0.808701 0.237730 10.072269 
-0.808701 0.237730 10.072269 -0.811917 0.236247 6.785517 -0.808419 0.237567 10.773561 
-0.510637 0.524527 10.899899 -0.808419 0.237567 10.773561 -0.511819 0.521875 11.666986 
-0.808419 0.237567 10.773561 -0.811917 0.236247 6.785517 -0.808527 0.237630 11.620497 
-0.808527 0.237630 11.620497 -0.811709 0.236133 14.526134 -0.808595 0.237669 12.374035 
-0.808595 0.237669 12.374035 -0.811709 0.236133 14.526134 -0.808613 0.237679 12.991957 
-0.808613 0.237679 12.991957 -0.811709 0.236133 14.526134 -0.808527 0.237630 13.689310 
-0.510508 0.524447 14.874809 -0.808527 0.237630 15.293221 -0.511770 0.521848 15.711633 
-0.808527 0.237630 15.293221 -0.811709 0.236133 14.526134 -0.808527 0.237630 15.851104 
-0.808527 0.237630 15.851104 -0.811709 0.236133 14.526134 -0.808527 0.237630 16.478720 
-0.511770 0.521848 15.711633 -0.808527 0.237630 16.478720 -0.511838 0.521887 16.548456 
-0.808527 0.237630 16.478720 -0.811709 0.236133 14.526134 -0.808701 0.237730 17.156853 
-0.808701 0.237730 17.156853 -0.811763 0.236164 21.290455 -0.808367 0.237538 17.860966 
-0.511723 0.521821 17.385279 -0.808367 0.237538 17.860966 -0.511838 0.521887 18.222103 
-0.808367 0.237538 17.860966 -0.811763 0.236164 21.290455 -0.808576 0.237658 18.790245 
-0.808576 0.237658 18.790245 -0.811763 0.236164 21.290455 -0.808527 0.237630 19.756279 
-0.808527 0.237630 19.756279 -0.811763 0.236164 21.290455 -0.808527 0.237630 20.523367 
0.750345 0.579300 1.485626 0.848106 0.180192 1.555363 0.848106 0.180193 0.858009 
0.848106 0.180193 0.858009 0.750345 0.579301 0.858009 0.750345 0.579300 1.485626 
-0.808527 0.237630 22.197014 -0.811763 0.236164 21.290455 -0.808665 0.237710 22.944019 
-0.808665 0.237710 22.944019 -0.811763 0.236164 21.290455 -0.808419 0.237568 23.705614 
-0.808419 0.237568 23.705614 -0.811763 0.236164 21.290455 -0.808527 0.237630 24.568012 
-0.808527 0.237630 25.195631 -0.810005 0.235219 28.533453 -0.808527 0.237630 25.823250 
-0.808527 0.237630 25.823250 -0.810005 0.235219 28.533453 -0.808527 0.237630 26.520603 
-0.808527 0.237630 26.520603 -0.810005 0.235219 28.533453 -0.808665 0.237710 27.128138 
-0.808665 0.237710 27.128138 -0.810005 0.235219 28.533453 -0.808398 0.237556 27.819563 
-0.511641 0.521774 27.313704 -0.808398 0.237556 27.819563 -0.511944 0.521949 27.934530 
-0.808612 0.237678 0.858019 -0.511770 0.521847 1.136959 -0.510542 0.524476 0.396326 
-0.808527 0.237629 1.555372 -0.511885 0.521913 1.756243 -0.511770 0.521847 1.136959 
-0.511885 0.521913 1.756243 -0.510542 0.524476 0.396326 -0.511770 0.521847 1.136959 
-0.511885 0.521913 1.756243 -0.808527 0.237629 1.555372 -0.511580 0.521737 2.335072 
-0.511580 0.521737 2.335072 -0.808527 0.237629 2.843756 -0.511855 0.521896 2.969297 
-0.511855 0.521896 2.969297 -0.510629 0.524520 4.065842 -0.511580 0.521737 2.335072 
-0.511856 0.521896 3.507959 -0.510629 0.524520 4.065842 -0.511855 0.521896 2.969297 
-0.808220 0.237452 3.982929 -0.510629 0.524520 4.065842 -0.511856 0.521896 3.507959 
-0.808665 0.237709 4.563684 -0.511716 0.521816 4.763195 -0.510629 0.524520 4.065842 
-0.511770 0.521847 5.600018 -0.510629 0.524520 4.065842 -0.511716 0.521816 4.763195 
-0.511838 0.521887 6.367105 -0.510503 0.524447 7.064459 -0.511770 0.521847 5.600018 
-0.811917 0.236247 6.785517 -0.510503 0.524447 7.064459 -0.511838 0.521887 6.367105 
-0.808613 0.237679 7.273664 -0.511770 0.521847 7.692076 -0.510503 0.524447 7.064459 
-0.808446 0.237582 7.831547 -0.511705 0.521810 8.319693 -0.511770 0.521847 7.692076 
-0.511705 0.521810 8.319693 -0.510503 0.524447 7.064459 -0.511770 0.521847 7.692076 
-0.511908 0.521927 9.734484 -0.510637 0.524527 10.899899 -0.511705 0.521810 9.043058 
-0.808701 0.237730 10.072269 -0.511770 0.521848 10.342016 -0.511908 0.521927 9.734484 
-0.511770 0.521848 10.342016 -0.510637 0.524527 10.899899 -0.511908 0.521927 9.734484 
-0.808419 0.237567 10.773561 -0.510637 0.524527 10.899899 -0.511770 0.521848 10.342016 
-0.808595 0.237669 12.374035 -0.511770 0.521848 12.434074 -0.511819 0.521875 11.666986 
-0.511770 0.521848 12.434074 -0.510637 0.524527 10.899899 -0.511819 0.521875 11.666986 
-0.511770 0.521848 13.131428 -0.510637 0.524527 10.899899 -0.511770 0.521848 12.434074 
-0.808527 0.237630 13.689310 -0.511770 0.521848 14.037986 -0.511770 0.521848 13.131428 
-0.511770 0.521848 14.037986 -0.510508 0.524447 14.874809 -0.511770 0.521848 13.131428 
-0.811709 0.236133 14.526134 -0.510508 0.524447 14.874809 -0.511770 0.521848 14.037986 
-0.511723 0.521821 17.385279 -0.510602 0.524504 18.989191 -0.511838 0.521887 16.548456 
-0.511838 0.521887 18.222103 -0.510602 0.524504 18.989191 -0.511723 0.521821 17.385279 
-0.808576 0.237658 18.790245 -0.510602 0.524504 18.989191 -0.511838 0.521887 18.222103 
-0.808527 0.237630 19.756279 -0.511789 0.521859 19.826014 -0.510602 0.524504 18.989191 
-0.510602 0.524504 18.989191 -0.511789 0.521859 19.826014 -0.511748 0.521835 20.593102 
-0.811763 0.236164 21.290455 -0.511770 0.521848 21.150984 -0.511748 0.521835 20.593102 
-0.511770 0.521848 21.150984 -0.510602 0.524504 18.989191 -0.511748 0.521835 20.593102 
-0.811763 0.236164 21.290455 -0.511770 0.521848 21.848337 -0.511770 0.521848 21.150984 
-0.511770 0.521848 21.848337 -0.510615 0.524512 24.149601 -0.511770 0.521848 21.150984 
-0.808527 0.237630 22.197014 -0.511770 0.521848 22.754896 -0.511770 0.521848 21.848337 
-0.511770 0.521848 22.754896 -0.510615 0.524512 24.149601 -0.511770 0.521848 21.848337 
-0.808665 0.237710 22.944019 -0.511770 0.521848 23.452250 -0.511770 0.521848 22.754896 
-0.511770 0.521848 23.452250 -0.510615 0.524512 24.149601 -0.511770 0.521848 22.754896 
-0.808419 0.237568 23.705614 -0.510615 0.524512 24.149601 -0.511770 0.521848 23.452250 
-0.808527 0.237630 24.568012 -0.511770 0.521848 24.846954 -0.510615 0.524512 24.149601 
-0.808527 0.237630 25.195631 -0.511770 0.521848 25.404837 -0.511770 0.521848 24.846954 
-0.511770 0.521848 25.404837 -0.510615 0.524512 24.149601 -0.511770 0.521848 24.846954 
-0.808527 0.237630 25.823250 -0.511770 0.521848 26.032455 -0.511770 0.521848 25.404837 
-0.511770 0.521848 26.032455 -0.510615 0.524512 24.149601 -0.511770 0.521848 25.404837 
-0.808527 0.237630 26.520603 -0.511770 0.521848 26.660074 -0.511770 0.521848 26.032455 
-0.511770 0.521848 26.660074 -0.510615 0.524512 24.149601 -0.511770 0.521848 26.032455 
-0.808665 0.237710 27.128138 -0.511641 0.521774 27.313704 -0.511770 0.521848 26.660074 
-0.511641 0.521774 27.313704 -0.508417 0.523127 28.533453 -0.511770 0.521848 26.660074 
-0.511944 0.521949 27.934530 -0.508417 0.523127 28.533453 -0.511641 0.521774 27.313704 
0.750344 0.579301 15.432683 0.750345 0.579301 16.269506 0.848106 0.180193 16.269505 
0.848106 0.180193 16.269505 0.849798 0.177930 15.641888 0.750344 0.579301 15.432683 
0.848106 0.180192 1.555363 0.750345 0.579300 1.485626 0.750216 0.579226 2.208990 
0.848173 0.180232 6.785507 0.751678 0.580070 6.436831 0.746345 0.576991 6.576302 
0.746345 0.576991 6.576302 0.751678 0.580070 6.436831 0.751678 0.580070 6.646036 
0.848173 0.180232 6.785507 0.751678 0.580070 6.785507 0.746345 0.576991 6.855242 
0.746345 0.576992 6.715773 0.751678 0.580070 6.646036 0.751678 0.580070 6.785507 
0.746345 0.576991 6.855242 0.751678 0.580070 6.785507 0.751678 0.580070 6.924976 
0.746345 0.576992 6.994715 0.751678 0.580070 6.924976 0.751678 0.580070 7.134184 
0.849709 0.177902 7.482859 0.751678 0.580070 7.343390 0.746345 0.576992 7.413124 
0.746345 0.576992 7.273655 0.751678 0.580070 7.134184 0.751678 0.580070 7.343390 
0.746345 0.576992 7.413124 0.751678 0.580070 7.343390 0.751678 0.580070 7.482859 
0.849709 0.177902 7.482859 0.751678 0.580070 7.622332 0.746345 0.576992 7.692064 
0.746345 0.576992 7.552595 0.751678 0.580070 7.482859 0.751678 0.580070 7.622332 
0.746345 0.576992 7.692064 0.751678 0.580070 7.622332 0.751678 0.580070 7.831535 
0.746345 0.576992 7.971008 0.751678 0.580070 7.831535 0.751678 0.580070 8.110477 
0.746345 0.576992 8.249947 0.751678 0.580070 8.110477 0.751678 0.580070 8.389418 
0.746345 0.576992 8.528891 0.751678 0.580070 8.389418 0.751678 0.580070 8.598623 
0.848174 0.180232 8.738096 0.751678 0.580070 8.738096 0.746345 0.576992 8.807831 
0.746345 0.576992 8.668360 0.751678 0.580070 8.598623 0.751678 0.580070 8.738096 
0.746345 0.576992 8.807831 0.751678 0.580070 8.738096 0.751678 0.580070 8.877565 
0.746345 0.576992 8.947302 0.751678 0.580070 8.877565 0.751678 0.580070 9.086771 
0.848024 0.180146 9.365713 0.751678 0.580070 9.295979 0.746345 0.576992 9.365713 
0.746345 0.576992 9.226242 0.751678 0.580070 9.086771 0.751678 0.580070 9.295979 
0.746345 0.576992 9.365713 0.751678 0.580070 9.295979 0.751678 0.580070 9.435448 
0.746345 0.576992 9.505184 0.751678 0.580070 9.435448 0.751678 0.580070 9.644655 
0.746345 0.576992 9.784124 0.751678 0.580070 9.644655 0.751678 0.580070 9.853861 
0.848106 0.180193 9.993330 0.751678 0.580070 9.993330 0.746345 0.576992 10.063066 
0.746345 0.576992 9.923595 0.751678 0.580070 9.853861 0.751678 0.580070 9.993330 
0.746345 0.576992 10.063066 0.751678 0.580070 9.993330 0.751678 0.580070 10.132801 
0.746345 0.576992 10.202538 0.751678 0.580070 10.132801 0.751678 0.580070 10.342007 
0.848106 0.180193 10.690683 0.751678 0.580070 10.342007 0.746345 0.576992 10.481478 
0.746345 0.576992 10.481478 0.751678 0.580070 10.342007 0.751678 0.580070 10.551212 
0.848106 0.180193 10.690683 0.751678 0.580070 10.690683 0.746345 0.576992 10.760419 
0.746345 0.576992 10.620949 0.751678 0.580070 10.551212 0.751678 0.580070 10.690683 
0.746345 0.576992 10.760419 0.751678 0.580070 10.690683 0.751678 0.580070 10.830154 
0.746345 0.576992 10.899890 0.751678 0.580070 10.830154 0.751678 0.580071 11.039360 
0.849587 0.177866 11.388037 0.751678 0.580070 11.248566 0.746345 0.576992 11.318301 
0.746345 0.576992 11.178830 0.751678 0.580071 11.039360 0.751678 0.580070 11.248566 
0.746345 0.576992 11.318301 0.751678 0.580070 11.248566 0.751678 0.580070 11.388037 
0.849587 0.177866 11.388037 0.751678 0.580070 11.527507 0.746345 0.576992 11.597242 
0.746345 0.576992 11.457771 0.751678 0.580070 11.388037 0.751678 0.580070 11.527507 
0.746345 0.576992 11.597242 0.751678 0.580070 11.527507 0.751678 0.580070 11.736712 
0.746345 0.576992 11.876184 0.751678 0.580070 11.736712 0.751678 0.580070 12.015654 
0.848280 0.180293 12.155125 0.751678 0.580070 12.294595 0.746345 0.576992 12.294595 
0.746345 0.576992 12.155125 0.751678 0.580070 12.015654 0.751678 0.580070 12.294595 
0.746345 0.576992 12.434066 0.751678 0.580070 12.294595 0.751678 0.580071 12.503800 
0.848174 0.180232 12.633575 0.751678 0.580071 12.643271 0.749900 0.579044 12.852477 
0.746345 0.576992 12.573536 0.751678 0.580071 12.503800 0.751678 0.580071 12.643271 
0.751678 0.580071 12.643271 0.750918 0.582994 0.382420 0.750819 0.582950 17.106329 
0.848106 0.180193 14.456388 0.848162 0.180225 13.828771 0.750345 0.579301 14.037978 
0.750345 0.579301 16.269506 0.750819 0.582950 17.106329 0.848106 0.180193 16.827387 
0.848106 0.180193 16.827387 0.848106 0.180193 16.269505 0.750345 0.579301 16.269506 
0.750345 0.579301 18.012888 0.750459 0.579367 18.829071 0.848106 0.180193 18.849710 
0.848106 0.180193 18.849710 0.848106 0.180193 18.152357 0.750345 0.579301 18.012888 
0.848106 0.180193 17.455004 0.848106 0.180193 16.827387 0.750819 0.582950 17.106329 
0.848106 0.180193 18.152357 0.848106 0.180193 17.455004 0.750345 0.579301 18.012888 
0.849837 0.177924 0.382420 0.750918 0.582994 0.382420 0.750345 0.579301 0.858009 
0.750345 0.579301 0.858009 0.848106 0.180193 0.858009 0.849837 0.177924 0.382420 
0.750346 0.579302 22.522436 0.750819 0.582950 17.106329 0.750113 0.582692 28.533445 
0.750457 0.579367 26.987711 0.750326 0.579290 26.102182 0.750113 0.582692 28.533445 
0.848106 0.180192 2.392185 0.848162 0.180225 3.229010 0.849222 0.177762 4.135567 
0.849222 0.177762 4.135567 0.849837 0.177924 0.382420 0.848106 0.180192 2.392185 
0.750216 0.579226 2.208990 0.750611 0.579454 2.810596 0.848106 0.180192 2.392185 
0.749900 0.579044 6.157890 0.847896 0.180071 6.213060 0.848244 0.180272 5.660048 
0.848244 0.180272 5.660048 0.750518 0.579401 5.600008 0.749900 0.579044 6.157890 
0.848162 0.180225 3.229010 0.750611 0.579454 2.810596 0.750037 0.579123 3.298744 
0.750037 0.579123 3.298744 0.750344 0.579300 3.833382 0.848162 0.180225 3.229010 
0.849709 0.177902 7.482859 0.849222 0.177762 4.135567 0.848106 0.180193 4.972389 
0.750037 0.579123 4.972391 0.750518 0.579401 5.600008 0.848106 0.180193 4.972389 
0.848174 0.180232 12.633575 0.847895 0.180071 13.186590 0.849798 0.177930 15.641888 
0.849798 0.177930 15.641888 0.849587 0.177866 11.388037 0.848174 0.180232 12.633575 
0.746345 0.576991 6.436831 0.751678 0.580070 6.436831 0.848173 0.180232 6.785507 
0.848173 0.180232 6.785507 0.751678 0.580070 6.646036 0.746345 0.576992 6.715773 
0.848173 0.180232 6.785507 0.751678 0.580070 6.924976 0.746345 0.576992 6.994715 
0.848173 0.180232 6.785507 0.751678 0.580070 7.134184 0.746345 0.576992 7.134184 
0.746345 0.576992 6.994715 0.751678 0.580070 7.134184 0.848173 0.180232 6.785507 
0.746345 0.576992 7.552595 0.751678 0.580070 7.622332 0.849709 0.177902 7.482859 
0.849709 0.177902 7.482859 0.751678 0.580070 7.831535 0.746345 0.576992 7.831537 
0.746345 0.576992 7.692064 0.751678 0.580070 7.831535 0.849709 0.177902 7.482859 
0.848106 0.180193 7.971008 0.751678 0.580070 7.831535 0.746345 0.576992 7.971008 
0.746345 0.576992 7.831537 0.751678 0.580070 7.831535 0.848106 0.180193 7.971008 
0.847946 0.180100 8.249949 0.751678 0.580070 8.110477 0.746345 0.576992 8.249947 
0.848174 0.180232 8.738096 0.751678 0.580070 8.389418 0.746345 0.576992 8.528891 
0.848174 0.180232 8.738096 0.751678 0.580070 8.598623 0.746345 0.576992 8.668360 
0.746345 0.576992 8.668360 0.751678 0.580070 8.738096 0.848174 0.180232 8.738096 
0.848174 0.180232 8.738096 0.751678 0.580070 9.086771 0.746345 0.576992 9.086773 
0.848024 0.180146 9.365713 0.751678 0.580070 9.086771 0.746345 0.576992 9.226242 
0.848024 0.180146 9.365713 0.751678 0.580070 9.435448 0.746345 0.576992 9.505184 
0.848106 0.180193 9.993330 0.751678 0.580070 9.644655 0.746345 0.576992 9.784124 
0.848106 0.180193 9.993330 0.751678 0.580070 9.853861 0.746345 0.576992 9.923595 
0.746345 0.576992 9.784124 0.751678 0.580070 9.853861 0.848106 0.180193 9.993330 
0.849587 0.177866 11.388037 0.849709 0.177902 7.482859 0.848106 0.180193 9.993330 
0.746345 0.576992 9.923595 0.751678 0.580070 9.993330 0.848106 0.180193 9.993330 
0.848106 0.180193 9.993330 0.751678 0.580070 10.132801 0.746345 0.576992 10.202538 
0.848106 0.180193 10.690683 0.751678 0.580070 10.551212 0.746345 0.576992 10.620949 
0.746345 0.576992 10.481478 0.751678 0.580070 10.551212 0.848106 0.180193 10.690683 
0.746345 0.576992 10.620949 0.751678 0.580070 10.690683 0.848106 0.180193 10.690683 
0.746345 0.576992 10.760419 0.751678 0.580070 10.830154 0.848106 0.180193 10.690683 
0.848106 0.180193 10.690683 0.751678 0.580071 11.039360 0.746345 0.576992 11.039360 
0.746345 0.576992 11.039360 0.751678 0.580071 11.039360 0.849587 0.177866 11.388037 
0.746345 0.576992 11.178830 0.751678 0.580070 11.248566 0.849587 0.177866 11.388037 
0.746345 0.576992 11.318301 0.751678 0.580070 11.388037 0.849587 0.177866 11.388037 
0.849587 0.177866 11.388037 0.751678 0.580070 11.736712 0.746345 0.576992 11.736712 
0.746345 0.576992 11.597242 0.751678 0.580070 11.736712 0.849587 0.177866 11.388037 
0.847946 0.180100 11.876184 0.751678 0.580070 11.736712 0.746345 0.576992 11.876184 
0.847946 0.180100 11.876184 0.751678 0.580070 12.015654 0.746345 0.576992 12.015654 
0.848280 0.180293 12.155125 0.751678 0.580070 12.015654 0.746345 0.576992 12.155125 
0.848174 0.180232 12.633575 0.751678 0.580070 12.294595 0.746345 0.576992 12.434066 
0.746345 0.576992 12.294595 0.751678 0.580070 12.294595 0.848174 0.180232 12.633575 
0.848174 0.180232 12.633575 0.751678 0.580071 12.503800 0.746345 0.576992 12.573536 
0.746345 0.576992 12.573536 0.751678 0.580071 12.643271 0.848174 0.180232 12.633575 
0.749900 0.579044 12.852477 0.750413 0.579340 13.360708 0.847895 0.180071 13.186590 
0.848106 0.180193 20.802298 0.849819 0.177936 20.174681 0.750216 0.579227 20.009199 
0.750216 0.579227 20.009199 0.750238 0.579239 20.620766 0.848106 0.180193 20.802298 
0.750345 0.579301 14.665595 0.750344 0.579301 15.432683 0.848106 0.180193 15.014270 
0.750819 0.582950 17.106329 0.750345 0.579301 18.012888 0.848106 0.180193 17.455004 
0.849819 0.177936 20.174681 0.849798 0.177930 15.641888 0.848106 0.180193 18.152357 
0.848106 0.180193 18.849710 0.750459 0.579367 18.829071 0.750345 0.579301 19.430840 
0.848106 0.180193 19.616798 0.750345 0.579301 19.430840 0.750216 0.579227 20.009199 
0.847381 0.177235 28.533443 0.848106 0.180194 27.775829 0.750216 0.579227 27.819553 
0.750216 0.579227 27.819553 0.750113 0.582692 28.533445 0.847381 0.177235 28.533443 
0.750238 0.579239 20.620766 0.750557 0.579424 21.150976 0.848106 0.180193 20.802298 
0.848105 0.180193 21.708857 0.750557 0.579424 21.150976 0.750110 0.579166 21.778593 
0.750110 0.579166 21.778593 0.750346 0.579302 22.522436 0.848105 0.180193 21.708857 
0.849373 0.177803 23.382504 0.849819 0.177936 20.174681 0.848105 0.180193 21.708857 
0.750346 0.579302 22.522436 0.750346 0.579302 23.150053 0.849373 0.177803 23.382504 
0.750344 0.579301 23.638201 0.750344 0.579301 24.196083 0.848106 0.180193 24.358797 
0.750344 0.579301 24.196083 0.750430 0.579350 24.726696 0.848106 0.180193 24.358797 
0.750430 0.579350 24.726696 0.750345 0.579302 25.335093 0.848107 0.180194 25.195621 
0.847381 0.177235 28.533443 0.849373 0.177803 23.382504 0.848107 0.180194 25.195621 
0.750345 0.579302 25.335093 0.750326 0.579290 26.102182 0.848106 0.180193 25.753504 
0.750326 0.579290 26.102182 0.750457 0.579367 26.987711 0.848106 0.180193 26.381123 
0.848106 0.180194 27.775829 0.750457 0.579367 26.987711 0.750216 0.579227 27.819553 
-0.127714 -0.826667 5.530285 -0.127714 -0.826667 6.367109 -0.130328 -0.826968 7.831551 
-0.130328 -0.826968 7.831551 -0.130160 -0.826728 4.205315 -0.127714 -0.826667 5.530285 
-0.127714 -0.826668 1.136963 0.266804 -0.941558 0.858015 0.266804 -0.941409 1.511644 
0.266804 -0.941558 2.090006 0.269774 -0.943816 0.382425 0.269788 -0.943805 4.484251 
-0.130160 -0.826728 4.205315 0.266804 -0.941558 3.926369 0.269788 -0.943805 4.484251 
-0.127714 -0.826667 4.902668 0.269788 -0.943805 4.484251 0.266804 -0.941558 5.181602 
-0.127714 -0.826667 5.530285 0.266804 -0.941558 5.181602 0.266804 -0.941558 5.878956 
0.266804 -0.941558 6.971476 0.269788 -0.943805 4.484251 0.269813 -0.943762 8.807837 
-0.127714 -0.826667 8.389431 0.266804 -0.941758 8.129705 0.269813 -0.943762 8.807837 
-0.127714 -0.826667 9.156521 0.269813 -0.943762 8.807837 0.266804 -0.941558 9.574924 
0.266804 -0.941433 11.762293 0.269813 -0.943762 8.807837 0.269791 -0.943797 14.456395 
-0.127714 -0.826667 13.898518 0.266804 -0.941670 13.222191 0.266804 -0.941557 13.898513 
-0.127714 -0.826667 13.898518 0.266804 -0.941557 13.898513 0.269791 -0.943797 14.456395 
-0.127714 -0.826667 15.014282 0.269791 -0.943797 14.456395 0.266804 -0.941557 15.084012 
-0.130168 -0.826734 15.851106 0.266804 -0.941557 15.641894 0.266804 -0.941539 16.408983 
0.266804 -0.941406 17.202721 0.266804 -0.941539 16.408983 0.269791 -0.943797 14.456395 
0.266804 -0.941406 17.202721 0.269791 -0.943797 14.456395 0.269814 -0.943764 19.128658 
-0.127714 -0.826667 18.501047 0.266804 -0.941689 17.894066 0.266804 -0.941557 18.570776 
-0.127714 -0.826667 18.501047 0.266804 -0.941557 18.570776 0.269814 -0.943764 19.128658 
0.266804 -0.941372 20.550014 0.269814 -0.943764 19.128658 0.269808 -0.943768 22.894363 
0.266804 -0.941408 25.779524 0.269808 -0.943768 22.894363 0.270341 -0.942892 28.522497 
-0.130266 -0.826854 0.415768 0.269774 -0.943816 0.382425 0.266804 -0.941558 0.858015 
0.266804 -0.941409 1.511644 0.266804 -0.941558 2.090006 -0.127714 -0.826668 1.904051 
0.266804 -0.941558 2.090006 0.266804 -0.941558 2.578152 -0.127714 -0.826668 1.904051 
0.266804 -0.941558 2.578152 0.266804 -0.941690 3.249657 -0.127714 -0.826668 2.740875 
-0.130160 -0.826728 4.205315 -0.130266 -0.826854 0.415768 -0.127714 -0.826668 2.740875 
-0.127714 -0.826668 3.438227 0.266804 -0.941690 3.249657 0.266804 -0.941558 3.926369 
0.266804 -0.941557 15.641894 -0.130168 -0.826734 15.851106 -0.127714 -0.826667 15.014282 
-0.127714 -0.826667 15.014282 0.266804 -0.941557 15.084012 0.266804 -0.941557 15.641894 
-0.127714 -0.826667 6.367109 0.266804 -0.941558 5.878956 0.266804 -0.941315 6.394773 
0.266804 -0.941558 7.599092 0.266804 -0.941758 8.129705 -0.130328 -0.826968 7.831551 
-0.130030 -0.826562 11.388047 -0.130328 -0.826968 7.831551 -0.127714 -0.826667 9.923607 
-0.127714 -0.826667 9.923607 0.266804 -0.941558 9.574924 0.266804 -0.941558 10.272278 
-0.127714 -0.826667 10.551224 0.266804 -0.941558 10.272278 0.266804 -0.941558 10.969631 
-0.130030 -0.826562 11.388047 0.266804 -0.941558 10.969631 0.266804 -0.941433 11.762293 
-0.130116 -0.826668 13.131430 -0.130030 -0.826562 11.388047 -0.127714 -0.826667 12.294606 
-0.130168 -0.826734 15.851106 -0.130116 -0.826668 13.131430 -0.127714 -0.826667 14.456400 
-0.127714 -0.826667 17.664223 -0.127714 -0.826667 18.501047 -0.130174 -0.826756 19.268135 
-0.130174 -0.826756 19.268135 -0.130168 -0.826734 15.851106 -0.127714 -0.826667 17.664223 
-0.127714 -0.826667 16.827400 0.266804 -0.941539 16.408983 0.266804 -0.941406 17.202721 
0.266804 -0.941372 20.550014 -0.127714 -0.826667 20.523369 -0.127714 -0.826667 19.895752 
-0.127714 -0.826667 19.895752 0.266804 -0.941557 19.826012 0.266804 -0.941372 20.550014 
-0.130174 -0.826756 19.268135 0.269814 -0.943764 19.128658 0.266804 -0.941557 19.826012 
-0.130294 -0.826920 21.778605 -0.130174 -0.826756 19.268135 -0.127714 -0.826667 19.895752 
0.266804 -0.941557 23.661451 -0.127714 -0.826667 23.521986 -0.127714 -0.826667 22.964104 
-0.127714 -0.826667 22.964104 0.269808 -0.943768 22.894363 0.266804 -0.941557 23.661451 
0.266804 -0.941372 20.550014 0.266804 -0.941557 21.127737 -0.127714 -0.826667 21.150988 
-0.130294 -0.826920 21.778605 0.266804 -0.941758 21.658350 0.266804 -0.941557 22.197012 
-0.127714 -0.826667 22.336487 0.266804 -0.941557 22.197012 0.269808 -0.943768 22.894363 
0.266804 -0.941408 25.779524 -0.127714 -0.826826 25.743820 -0.130191 -0.826779 25.056162 
-0.130191 -0.826779 25.056162 0.266804 -0.941557 25.125893 0.266804 -0.941408 25.779524 
-0.130191 -0.826779 25.056162 -0.130294 -0.826920 21.778605 -0.127714 -0.826667 23.521986 
-0.127714 -0.826667 24.219339 0.266804 -0.941557 23.661451 0.266804 -0.941557 24.428539 
-0.130191 -0.826779 25.056162 0.266804 -0.941557 24.428539 0.266804 -0.941557 25.125893 
-0.810005 0.235219 28.533453 -0.808527 0.237630 25.195631 -0.808527 0.237630 24.568012 
-0.808527 0.237630 24.568012 -0.811763 0.236164 21.290455 -0.810005 0.235219 28.533453 
0.266804 -0.941408 25.779524 0.266804 -0.941557 26.427622 -0.127714 -0.826311 26.311401 
-0.127714 -0.826311 26.311401 -0.128658 -0.824618 28.541082 -0.130191 -0.826779 25.056162 
0.266804 -0.941557 26.427622 0.266804 -0.941557 27.124973 -0.127714 -0.826974 26.799547 
0.266804 -0.941557 27.124973 0.266804 -0.941758 27.795057 -0.127714 -0.826667 27.334185 
-0.127714 -0.826518 27.971622 0.266804 -0.941758 27.795057 0.270341 -0.942892 28.522497 
-0.511770 0.521847 1.136959 -0.808612 0.237678 0.858019 -0.808527 0.237629 1.555372 
-0.511580 0.521737 2.335072 -0.808527 0.237629 1.555372 -0.808595 0.237669 2.302376 
-0.808595 0.237669 2.302376 -0.811743 0.236146 0.382429 -0.811917 0.236247 6.785517 
-0.511856 0.521896 3.507959 -0.808527 0.237629 3.404482 -0.808220 0.237452 3.982929 
-0.510629 0.524520 4.065842 -0.808220 0.237452 3.982929 -0.808665 0.237709 4.563684 
-0.511716 0.521816 4.763195 -0.808665 0.237709 4.563684 -0.808480 0.237602 5.390812 
-0.511838 0.521887 6.367105 -0.808595 0.237669 6.227634 -0.811917 0.236247 6.785517 
-0.511770 0.521847 7.692076 -0.808613 0.237679 7.273664 -0.808446 0.237582 7.831547 
-0.511705 0.521810 9.043058 -0.808642 0.237696 9.017046 -0.808367 0.237537 9.519051 
-0.511770 0.521848 10.342016 -0.808701 0.237730 10.072269 -0.808419 0.237567 10.773561 
-0.808527 0.237630 11.620497 -0.811917 0.236247 6.785517 -0.811709 0.236133 14.526134 
-0.511819 0.521875 11.666986 -0.808527 0.237630 11.620497 -0.808595 0.237669 12.374035 
-0.511770 0.521848 13.131428 -0.808613 0.237679 12.991957 -0.808527 0.237630 13.689310 
-0.511770 0.521848 14.037986 -0.808527 0.237630 13.689310 -0.811709 0.236133 14.526134 
-0.511723 0.521821 17.385279 -0.808701 0.237730 17.156853 -0.808367 0.237538 17.860966 
-0.808701 0.237730 17.156853 -0.811709 0.236133 14.526134 -0.811763 0.236164 21.290455 
-0.511770 0.521848 23.452250 -0.808665 0.237710 22.944019 -0.808419 0.237568 23.705614 
-0.510542 0.524476 0.396326 -0.511885 0.521913 1.756243 -0.511580 0.521737 2.335072 
-0.511580 0.521737 2.335072 -0.510629 0.524520 4.065842 -0.510542 0.524476 0.396326 
-0.811743 0.236146 0.382429 -0.808612 0.237678 0.858019 -0.510542 0.524476 0.396326 
-0.510503 0.524447 7.064459 -0.511705 0.521810 8.319693 -0.511705 0.521810 9.043058 
-0.511705 0.521810 9.043058 -0.510637 0.524527 10.899899 -0.510503 0.524447 7.064459 
-0.511580 0.521737 2.335072 -0.808595 0.237669 2.302376 -0.808527 0.237629 2.843756 
-0.808527 0.237629 2.843756 -0.808527 0.237629 3.404482 -0.511855 0.521896 2.969297 
-0.511770 0.521847 5.600018 -0.510503 0.524447 7.064459 -0.510629 0.524520 4.065842 
-0.808480 0.237602 5.390812 -0.808595 0.237669 6.227634 -0.511770 0.521847 5.600018 
-0.811917 0.236247 6.785517 -0.808613 0.237679 7.273664 -0.510503 0.524447 7.064459 
-0.808446 0.237582 7.831547 -0.808527 0.237630 8.459164 -0.511705 0.521810 8.319693 
-0.511770 0.521848 13.131428 -0.511770 0.521848 12.434074 -0.808595 0.237669 12.374035 
-0.808595 0.237669 12.374035 -0.808613 0.237679 12.991957 -0.511770 0.521848 13.131428 
-0.808527 0.237630 8.459164 -0.808642 0.237696 9.017046 -0.511705 0.521810 9.043058 
-0.511908 0.521927 9.734484 -0.808367 0.237537 9.519051 -0.808701 0.237730 10.072269 
-0.511819 0.521875 11.666986 -0.808419 0.237567 10.773561 -0.808527 0.237630 11.620497 
-0.510508 0.524447 14.874809 -0.511770 0.521848 15.711633 -0.511838 0.521887 16.548456 
-0.511838 0.521887 16.548456 -0.510602 0.524504 18.989191 -0.510508 0.524447 14.874809 
-0.511770 0.521848 13.131428 -0.510508 0.524447 14.874809 -0.510637 0.524527 10.899899 
-0.811709 0.236133 14.526134 -0.808527 0.237630 15.293221 -0.510508 0.524447 14.874809 
-0.808527 0.237630 15.293221 -0.808527 0.237630 15.851104 -0.511770 0.521848 15.711633 
-0.808527 0.237630 15.851104 -0.808527 0.237630 16.478720 -0.511770 0.521848 15.711633 
-0.511723 0.521821 17.385279 -0.511838 0.521887 16.548456 -0.808527 0.237630 16.478720 
-0.808527 0.237630 16.478720 -0.808701 0.237730 17.156853 -0.511723 0.521821 17.385279 
-0.511748 0.521835 20.593102 -0.511789 0.521859 19.826014 -0.808527 0.237630 19.756279 
-0.808527 0.237630 19.756279 -0.808527 0.237630 20.523367 -0.511748 0.521835 20.593102 
-0.511838 0.521887 18.222103 -0.808367 0.237538 17.860966 -0.808576 0.237658 18.790245 
-0.808576 0.237658 18.790245 -0.808527 0.237630 19.756279 -0.510602 0.524504 18.989191 
-0.508417 0.523127 28.533453 -0.511944 0.521949 27.934530 -0.808398 0.237556 27.819563 
-0.808398 0.237556 27.819563 -0.810005 0.235219 28.533453 -0.508417 0.523127 28.533453 
-0.808527 0.237630 20.523367 -0.811763 0.236164 21.290455 -0.511748 0.521835 20.593102 
-0.511770 0.521848 21.150984 -0.510615 0.524512 24.149601 -0.510602 0.524504 18.989191 
-0.811763 0.236164 21.290455 -0.808527 0.237630 22.197014 -0.511770 0.521848 21.848337 
-0.808527 0.237630 22.197014 -0.808665 0.237710 22.944019 -0.511770 0.521848 22.754896 
-0.808419 0.237568 23.705614 -0.808527 0.237630 24.568012 -0.510615 0.524512 24.149601 
-0.808527 0.237630 24.568012 -0.808527 0.237630 25.195631 -0.511770 0.521848 24.846954 
-0.808527 0.237630 25.195631 -0.808527 0.237630 25.823250 -0.511770 0.521848 25.404837 
-0.808527 0.237630 25.823250 -0.808527 0.237630 26.520603 -0.511770 0.521848 26.032455 
-0.511770 0.521848 26.660074 -0.508417 0.523127 28.533453 -0.510615 0.524512 24.149601 
-0.808527 0.237630 26.520603 -0.808665 0.237710 27.128138 -0.511770 0.521848 26.660074 
-0.511641 0.521774 27.313704 -0.808665 0.237710 27.128138 -0.808398 0.237556 27.819563 
